Date,S&P 500 VIX,US Dollar Index,U.S. 10Y,Gold,Crude Oil WTI
2010-01-04,20.04,77.53,3.823,1117.7,81.51
2010-01-05,19.35,77.62,3.763,1118.1,81.77
2010-01-06,19.16,77.49,3.8289999999999997,1135.9,83.18
2010-01-07,19.06,77.91,3.827,1133.1,82.66
2010-01-08,18.13,77.47,3.8360000000000003,1138.2,82.75
2010-01-11,17.55,77.0,3.824,1150.7,82.52
2010-01-12,18.25,76.95,3.717,1128.9,80.79
2010-01-13,17.85,76.85,3.793,1136.4,79.65
2010-01-14,17.63,76.73,3.742,1142.6,79.39
2010-01-15,17.91,77.32,3.676,1130.1,78.0
2010-01-18,,77.06,,,
2010-01-19,17.58,77.5,3.698,1139.7,79.02
2010-01-20,18.68,78.34,3.653,1112.3,77.62
2010-01-21,22.27,78.32,3.595,1102.7,76.08
2010-01-22,27.31,78.28,3.6010000000000004,1089.2,74.54
2010-01-25,25.41,78.19,3.63,1095.2,75.26
2010-01-26,24.55,78.43,3.6210000000000004,1097.9,74.71
2010-01-27,23.14,78.67,3.65,1084.4,73.67
2010-01-28,23.73,78.9,3.642,1083.6,73.64
2010-01-29,24.62,79.46,3.588,1083.0,72.89
2010-02-01,22.59,79.24,3.656,1104.3,74.43
2010-02-02,21.48,79.01,3.64,1117.4,77.23
2010-02-03,21.6,79.37,3.707,1111.4,76.98
2010-02-04,26.08,79.92,3.61,1062.4,73.14
2010-02-05,26.11,80.44,3.571,1052.2,71.19
2010-02-08,26.51,80.3,3.562,1065.7,71.89
2010-02-09,26.0,79.86,3.647,1076.7,73.75
2010-02-10,25.4,80.03,3.69,1075.8,74.52
2010-02-11,23.96,79.99,3.721,1094.2,75.28
2010-02-12,22.73,80.32,3.695,1089.5,74.13
2010-02-15,,80.33,,,
2010-02-16,22.25,79.7,3.6630000000000003,1119.3,77.01
2010-02-17,21.72,80.38,3.735,1119.5,77.33
2010-02-18,20.63,80.4,3.807,1118.0,79.06
2010-02-19,20.02,80.64,3.7760000000000002,1121.3,79.81
2010-02-22,19.94,80.51,3.7969999999999997,1112.6,80.16
2010-02-23,21.37,80.85,3.6889999999999996,1102.7,78.86
2010-02-24,20.27,80.85,3.695,1096.5,80.0
2010-02-25,20.1,80.79,3.6319999999999997,1107.8,78.17
2010-02-26,19.5,80.36,3.6189999999999998,1118.3,79.66
2010-03-01,19.26,80.66,3.608,1117.8,78.7
2010-03-02,19.06,80.52,3.608,1136.9,79.68
2010-03-03,18.83,79.98,3.6210000000000004,1142.7,80.87
2010-03-04,18.72,80.56,3.6060000000000003,1132.6,80.21
2010-03-05,17.42,80.43,3.682,1134.8,81.5
2010-03-08,17.79,80.43,3.721,1123.6,81.87
2010-03-09,17.92,80.59,3.7,1122.0,81.49
2010-03-10,18.57,80.44,3.721,1107.8,82.09
2010-03-11,18.06,80.32,3.7289999999999996,1108.0,82.11
2010-03-12,17.58,79.83,3.7030000000000003,1101.5,81.24
2010-03-15,18.0,80.25,3.697,1105.1,79.8
2010-03-16,17.69,79.75,3.653,1122.2,81.7
2010-03-17,16.91,79.64,3.642,1124.0,82.93
2010-03-18,16.62,80.22,3.682,1127.4,82.2
2010-03-19,16.97,80.72,3.693,1107.4,80.68
2010-03-22,16.87,80.65,3.661,1099.3,81.25
2010-03-23,16.35,80.9,3.687,1103.5,81.91
2010-03-24,17.55,81.84,3.8539999999999996,1088.6,80.61
2010-03-25,18.4,82.12,3.8810000000000002,1092.7,80.53
2010-03-26,17.77,81.68,3.8510000000000004,1104.2,80.0
2010-03-29,17.59,81.36,3.866,1110.3,82.17
2010-03-30,17.13,81.47,3.858,1104.5,82.37
2010-03-31,17.59,81.07,3.833,1113.3,83.76
2010-04-01,17.47,80.78,3.87,1125.1,84.87
2010-04-02,,81.29,3.943,,
2010-04-05,17.02,81.09,3.99,1132.9,86.62
2010-04-06,16.23,81.39,3.9560000000000004,1135.1,86.84
2010-04-07,16.62,81.44,3.863,1152.3,85.88
2010-04-08,16.48,81.53,3.89,1152.2,85.39
2010-04-09,16.14,81.09,3.8810000000000002,1161.1,84.92
2010-04-12,15.58,80.56,3.838,1161.6,84.34
2010-04-13,16.2,80.51,3.82,1152.8,84.05
2010-04-14,15.59,80.19,3.865,1159.0,85.84
2010-04-15,15.89,80.48,3.8360000000000003,1159.7,85.51
2010-04-16,18.36,80.82,3.77,1136.3,83.24
2010-04-19,17.34,81.0,3.803,1135.2,81.45
2010-04-20,15.73,81.05,3.7969999999999997,1138.6,83.45
2010-04-21,16.32,81.16,3.738,1148.2,83.68
2010-04-22,16.47,81.57,3.77,1142.3,83.7
2010-04-23,16.62,81.35,3.8169999999999997,1153.1,85.12
2010-04-26,17.47,81.48,3.8089999999999997,1153.5,84.2
2010-04-27,22.81,82.15,3.693,1161.7,82.44
2010-04-28,21.08,82.38,3.767,1171.3,83.22
2010-04-29,18.44,82.0,3.73,1168.4,85.17
2010-04-30,22.05,81.87,3.659,1180.1,86.15
2010-05-03,20.19,82.27,3.6919999999999997,1182.7,86.19
2010-05-04,23.84,83.3,3.5980000000000003,1168.6,82.74
2010-05-05,24.91,84.08,3.5460000000000003,1174.6,79.97
2010-05-06,32.8,84.89,3.405,1196.9,77.11
2010-05-07,40.95,84.45,3.42,1210.0,75.11
2010-05-10,28.84,84.16,3.5439999999999996,1200.4,76.8
2010-05-11,28.32,84.47,3.5269999999999997,1219.9,76.37
2010-05-12,25.52,84.83,3.571,1242.7,75.65
2010-05-13,26.68,85.21,3.537,1228.8,74.4
2010-05-14,31.24,86.09,3.455,1227.4,71.61
2010-05-17,30.84,86.2,3.491,1227.7,70.08
2010-05-18,33.55,87.16,3.353,1214.3,69.41
2010-05-19,35.32,86.39,3.37,1192.6,69.87
2010-05-20,45.79,85.56,3.216,1187.8,68.01
2010-05-21,40.1,85.37,3.236,1175.7,70.04
2010-05-24,38.32,86.21,3.198,1193.8,70.21
2010-05-25,34.61,86.78,3.16,1197.8,68.75
2010-05-26,35.02,87.12,3.1919999999999997,1213.3,71.51
2010-05-27,29.68,86.19,3.3569999999999998,1211.9,74.55
2010-05-28,32.07,86.48,3.303,1212.2,73.97
2010-05-31,,86.59,3.3,,
2010-06-01,35.54,86.64,3.263,1224.8,72.58
2010-06-02,30.17,86.79,3.347,1220.6,72.86
2010-06-03,29.46,87.14,3.3689999999999998,1208.3,74.61
2010-06-04,35.48,88.23,3.208,1216.2,71.51
2010-06-07,36.57,88.41,3.1460000000000004,1239.3,71.44
2010-06-08,33.7,88.39,3.1889999999999996,1244.0,71.99
2010-06-09,33.73,87.9,3.178,1228.5,74.38
2010-06-10,30.57,87.17,3.325,1220.8,75.48
2010-06-11,28.79,87.51,3.233,1228.9,73.78
2010-06-14,28.58,86.51,3.262,1223.3,75.12
2010-06-15,25.87,85.98,3.306,1233.2,76.94
2010-06-16,25.92,86.08,3.264,1229.3,77.67
2010-06-17,25.05,85.69,3.194,1247.5,76.79
2010-06-18,23.95,85.7,3.225,1257.2,77.18
2010-06-21,24.88,85.93,3.2430000000000003,1239.7,77.82
2010-06-22,27.05,86.11,3.165,1239.9,77.21
2010-06-23,26.91,85.74,3.1239999999999997,1234.1,76.35
2010-06-24,29.74,85.73,3.1430000000000002,1245.5,76.51
2010-06-25,28.53,85.31,3.11,1255.8,78.86
2010-06-28,29.0,85.65,3.023,1238.2,78.25
2010-06-29,34.13,86.03,2.9530000000000003,1242.0,75.94
2010-06-30,34.54,86.02,2.935,1245.5,75.63
2010-07-01,32.86,84.72,2.9539999999999997,1206.3,72.95
2010-07-02,30.12,84.43,2.984,1207.4,72.14
2010-07-05,,84.61,2.98,,
2010-07-06,29.65,84.08,2.9360000000000004,1194.8,71.98
2010-07-07,26.84,83.82,2.986,1198.6,74.07
2010-07-08,25.71,83.82,3.034,1195.8,75.44
2010-07-09,24.98,83.95,3.056,1209.6,76.09
2010-07-12,24.43,84.2,3.0660000000000003,1198.5,74.95
2010-07-13,24.56,83.64,3.1239999999999997,1213.3,77.15
2010-07-14,24.89,83.43,3.05,1206.8,77.04
2010-07-15,25.14,82.56,2.997,1208.1,76.62
2010-07-16,26.25,82.49,2.925,1188.0,76.01
2010-07-19,25.97,82.51,2.9610000000000003,1181.7,76.54
2010-07-20,23.93,82.75,2.9539999999999997,1191.5,77.44
2010-07-21,25.64,83.39,2.8819999999999997,1191.6,76.56
2010-07-22,24.63,82.59,2.932,1195.5,79.3
2010-07-23,23.47,82.46,3.0,1187.7,78.98
2010-07-26,22.73,82.09,2.9960000000000004,1183.0,78.98
2010-07-27,23.19,82.19,3.049,1158.0,77.5
2010-07-28,24.25,82.18,2.99,1160.4,76.99
2010-07-29,24.13,81.64,2.988,1168.4,78.36
2010-07-30,23.5,81.54,2.905,1181.7,78.95
2010-08-02,22.01,80.94,2.963,1183.4,81.34
2010-08-03,22.63,80.6,2.909,1185.2,82.55
2010-08-04,22.21,80.89,2.9530000000000003,1193.7,82.47
2010-08-05,22.1,80.83,2.906,1197.2,82.01
2010-08-06,21.74,80.41,2.822,1203.4,80.7
2010-08-09,22.14,80.71,2.8289999999999997,1200.7,81.48
2010-08-10,22.37,80.8,2.7680000000000002,1196.2,80.25
2010-08-11,25.39,82.29,2.687,1197.5,78.02
2010-08-12,25.73,82.64,2.753,1214.8,75.74
2010-08-13,26.24,82.95,2.679,1214.9,75.39
2010-08-16,26.1,82.53,2.573,1224.5,75.24
2010-08-17,24.33,82.23,2.641,1226.6,75.77
2010-08-18,24.59,82.22,2.638,1229.7,75.42
2010-08-19,26.44,82.45,2.575,1233.8,74.43
2010-08-20,25.49,83.06,2.614,1227.2,73.46
2010-08-23,25.66,83.12,2.602,1226.9,73.1
2010-08-24,27.46,83.15,2.488,1231.8,71.63
2010-08-25,26.7,83.26,2.539,1239.5,72.52
2010-08-26,27.37,82.93,2.481,1235.4,73.36
2010-08-27,24.45,82.92,2.647,1236.0,75.17
2010-08-30,27.21,83.16,2.53,1237.1,74.7
2010-08-31,26.05,83.2,2.47,1248.3,71.92
2010-09-01,23.89,82.52,2.58,1246.3,73.91
2010-09-02,23.19,82.46,2.625,1251.5,75.02
2010-09-03,21.31,82.1,2.702,1249.2,74.6
2010-09-06,,82.04,2.714,,
2010-09-07,23.8,82.82,2.5980000000000003,1257.3,74.09
2010-09-08,23.25,82.58,2.654,1255.6,74.67
2010-09-09,22.81,82.67,2.762,1248.9,74.25
2010-09-10,21.99,82.7,2.795,1244.5,76.45
2010-09-13,21.21,81.91,2.7460000000000004,1245.1,77.19
2010-09-14,21.56,81.08,2.6830000000000003,1269.7,76.8
2010-09-15,22.1,81.49,2.7230000000000003,1266.7,76.02
2010-09-16,21.72,81.24,2.764,1271.9,74.57
2010-09-17,22.01,81.4,2.739,1275.6,73.66
2010-09-20,21.5,81.33,2.7039999999999997,1279.0,74.86
2010-09-21,22.35,80.44,2.576,1272.4,73.52
2010-09-22,22.51,79.83,2.555,1290.2,74.71
2010-09-23,23.87,80.01,2.553,1294.3,75.18
2010-09-24,21.71,79.39,2.61,1296.0,76.49
2010-09-27,22.54,79.34,2.531,1296.7,76.52
2010-09-28,22.6,79.01,2.467,1306.6,76.18
2010-09-29,23.25,78.69,2.505,1308.5,77.86
2010-09-30,23.7,78.72,2.512,1307.8,79.97
2010-10-01,22.5,78.09,2.513,1316.1,81.58
2010-10-04,23.53,78.45,2.479,1315.4,81.47
2010-10-05,21.76,77.75,2.474,1338.9,82.82
2010-10-06,21.49,77.39,2.401,1346.4,83.23
2010-10-07,21.56,77.39,2.385,1333.9,81.67
2010-10-08,20.71,77.33,2.396,1344.2,82.66
2010-10-11,18.96,77.44,2.3890000000000002,1353.3,82.21
2010-10-12,18.93,77.36,2.4330000000000003,1345.7,81.67
2010-10-13,19.07,77.07,2.4290000000000003,1369.5,83.01
2010-10-14,19.88,76.65,2.509,1376.7,82.69
2010-10-15,19.03,77.04,2.5669999999999997,1371.1,81.25
2010-10-18,19.09,76.93,2.515,1371.2,83.08
2010-10-19,20.63,78.18,2.481,1335.1,79.49
2010-10-20,19.79,77.17,2.481,1343.3,81.77
2010-10-21,19.27,77.42,2.542,1324.7,80.56
2010-10-22,18.78,77.47,2.5610000000000004,1324.4,81.69
2010-10-25,19.85,77.1,2.565,1338.3,82.52
2010-10-26,20.22,77.71,2.645,1338.0,82.55
2010-10-27,20.71,78.15,2.722,1322.2,81.94
2010-10-28,20.88,77.31,2.659,1342.1,82.18
2010-10-29,21.2,77.27,2.603,1357.1,81.43
2010-11-01,21.83,77.3,2.625,1350.2,82.95
2010-11-02,21.57,76.72,2.5869999999999997,1356.4,83.9
2010-11-03,19.56,76.48,2.5789999999999997,1337.1,84.69
2010-11-04,18.52,75.88,2.4930000000000003,1382.7,86.49
2010-11-05,18.26,76.55,2.539,1397.3,86.85
2010-11-08,18.29,77.03,2.5580000000000003,1402.8,87.06
2010-11-09,19.08,77.44,2.6630000000000003,1409.8,86.72
2010-11-10,18.47,77.63,2.639,1399.1,87.81
2010-11-11,18.64,78.22,2.656,1403.1,87.81
2010-11-12,20.61,78.08,2.7889999999999997,1365.4,84.88
2010-11-15,20.2,78.52,2.967,1368.4,84.86
2010-11-16,22.58,79.21,2.845,1338.3,82.34
2010-11-17,21.76,79.08,2.8819999999999997,1336.8,80.44
2010-11-18,18.75,78.62,2.9010000000000002,1352.9,81.85
2010-11-19,18.04,78.5,2.873,1352.2,81.51
2010-11-22,18.37,78.68,2.806,1357.7,81.74
2010-11-23,20.63,79.68,2.782,1377.5,81.25
2010-11-24,19.56,79.87,2.912,1372.9,83.86
2010-11-25,,79.87,2.911,,
2010-11-26,22.22,80.36,2.87,1362.3,83.76
2010-11-29,21.53,80.83,2.826,1366.0,85.73
2010-11-30,23.54,81.19,2.7969999999999997,1385.0,84.11
2010-12-01,21.36,80.71,2.966,1387.3,86.75
2010-12-02,19.39,80.3,2.9960000000000004,1388.5,88.0
2010-12-03,18.01,79.38,3.0069999999999997,1405.4,89.19
2010-12-06,18.02,79.57,2.929,1415.3,89.38
2010-12-07,17.99,79.86,3.135,1408.3,88.69
2010-12-08,17.74,80.0,3.272,1382.5,88.28
2010-12-09,17.25,80.07,3.213,1392.1,88.37
2010-12-10,17.61,80.07,3.323,1384.3,87.79
2010-12-13,17.55,79.28,3.2769999999999997,1397.3,88.61
2010-12-14,17.61,79.37,3.4730000000000003,1403.6,88.28
2010-12-15,17.94,80.26,3.5380000000000003,1385.5,88.62
2010-12-16,17.39,80.18,3.4339999999999997,1370.4,87.7
2010-12-17,16.11,80.37,3.332,1378.6,88.02
2010-12-20,16.41,80.63,3.34,1385.5,88.81
2010-12-21,16.49,80.72,3.303,1388.2,89.82
2010-12-22,15.45,80.73,3.3480000000000003,1386.8,90.48
2010-12-23,16.47,80.5,3.397,1380.0,91.51
2010-12-24,,80.5,3.4139999999999997,,
2010-12-27,17.67,80.37,3.327,1382.4,91.0
2010-12-28,17.52,80.36,3.4819999999999998,1405.2,91.49
2010-12-29,17.28,79.8,3.355,1413.1,91.12
2010-12-30,17.52,79.52,3.367,1405.6,89.84
2010-12-31,17.75,79.03,3.2880000000000003,1421.1,91.38
2011-01-03,17.61,79.13,3.3339999999999996,1422.6,91.55
2011-01-04,17.38,79.44,3.338,1378.5,89.38
2011-01-05,17.02,80.26,3.463,1373.4,90.3
2011-01-06,17.4,80.79,3.3989999999999996,1371.4,88.38
2011-01-07,17.14,81.01,3.3280000000000003,1368.5,88.03
2011-01-10,17.54,80.88,3.287,1373.7,89.25
2011-01-11,16.89,80.85,3.34,1384.0,91.11
2011-01-12,16.24,80.03,3.367,1385.7,91.86
2011-01-13,16.39,79.19,3.299,1386.9,91.4
2011-01-14,15.46,79.16,3.3310000000000004,1360.4,91.54
2011-01-17,,79.34,3.315,,
2011-01-18,15.87,78.96,3.37,1368.1,91.38
2011-01-19,17.31,78.64,3.3369999999999997,1370.2,90.86
2011-01-20,17.99,78.82,3.451,1346.5,88.86
2011-01-21,18.47,78.21,3.408,1341.0,89.11
2011-01-24,17.65,78.05,3.406,1344.5,87.87
2011-01-25,17.59,78.0,3.33,1332.3,86.19
2011-01-26,16.64,77.9,3.4210000000000003,1333.0,87.33
2011-01-27,16.15,77.73,3.389,1318.4,85.64
2011-01-28,20.04,78.13,3.3289999999999997,1340.7,89.34
2011-01-31,19.53,77.73,3.3739999999999997,1333.8,92.19
2011-02-01,17.63,77.07,3.435,1339.6,90.77
2011-02-02,17.3,77.16,3.4789999999999996,1331.5,90.86
2011-02-03,16.69,77.75,3.5469999999999997,1352.3,90.54
2011-02-04,15.93,78.04,3.638,1348.3,89.03
2011-02-07,16.28,78.03,3.64,1347.6,87.48
2011-02-08,15.81,78.0,3.737,1363.4,86.94
2011-02-09,15.87,77.64,3.6519999999999997,1364.8,86.71
2011-02-10,16.09,78.25,3.702,1361.9,86.73
2011-02-11,15.69,78.46,3.638,1359.9,85.58
2011-02-14,15.95,78.61,3.625,1364.6,84.81
2011-02-15,16.37,78.57,3.6039999999999996,1373.6,84.32
2011-02-16,16.72,78.22,3.623,1374.7,84.99
2011-02-17,16.59,78.0,3.576,1384.7,86.36
2011-02-18,16.43,77.66,3.582,1388.2,86.2
2011-02-21,,77.69,3.576,,
2011-02-22,20.8,77.77,3.4589999999999996,1400.5,93.57
2011-02-23,22.13,77.41,3.483,1413.4,98.1
2011-02-24,21.32,77.06,3.45,1415.3,97.28
2011-02-25,19.22,77.28,3.4160000000000004,1408.7,97.88
2011-02-28,18.35,76.89,3.4219999999999997,1409.3,96.97
2011-03-01,21.01,77.05,3.403,1430.7,99.63
2011-03-02,20.7,76.67,3.471,1437.2,102.23
2011-03-03,18.6,76.48,3.5589999999999997,1416.0,101.91
2011-03-04,19.06,76.4,3.492,1428.2,104.42
2011-03-07,20.66,76.5,3.516,1434.1,105.44
2011-03-08,19.82,76.8,3.551,1426.9,105.02
2011-03-09,20.22,76.72,3.469,1429.3,104.38
2011-03-10,21.88,77.28,3.362,1412.2,102.7
2011-03-11,20.08,76.78,3.4019999999999997,1421.5,101.16
2011-03-14,21.13,76.35,3.365,1424.6,101.19
2011-03-15,24.32,76.33,3.307,1392.6,97.18
2011-03-16,29.4,76.68,3.1919999999999997,1396.0,97.98
2011-03-17,26.37,76.04,3.2569999999999997,1404.0,101.42
2011-03-18,24.44,75.72,3.2680000000000002,1415.9,101.07
2011-03-21,20.61,75.4,3.332,1426.2,102.33
2011-03-22,20.21,75.41,3.3280000000000003,1427.5,104.0
2011-03-23,19.17,75.79,3.3539999999999996,1437.9,105.75
2011-03-24,18.0,75.66,3.407,1434.8,105.6
2011-03-25,17.91,76.22,3.4419999999999997,1426.1,105.4
2011-03-28,19.44,76.13,3.4410000000000003,1419.8,103.98
2011-03-29,18.16,76.25,3.491,1416.0,104.79
2011-03-30,17.71,76.12,3.444,1423.8,104.27
2011-03-31,17.74,75.86,3.47,1438.9,106.72
2011-04-01,17.4,75.83,3.45,1428.1,107.94
2011-04-04,17.5,75.91,3.425,1432.2,108.47
2011-04-05,17.25,75.88,3.487,1451.8,108.34
2011-04-06,16.9,75.51,3.549,1457.7,108.83
2011-04-07,17.11,75.58,3.549,1458.5,110.3
2011-04-08,17.87,75.07,3.583,1473.4,112.79
2011-04-11,16.59,75.06,3.5869999999999997,1467.4,109.92
2011-04-12,17.09,74.85,3.492,1452.9,106.25
2011-04-13,16.92,74.98,3.458,1454.9,107.11
2011-04-14,16.27,74.69,3.4960000000000004,1471.7,108.11
2011-04-15,15.32,74.83,3.4130000000000003,1485.3,109.66
2011-04-18,16.96,75.5,3.38,1492.3,107.12
2011-04-19,15.83,75.03,3.365,1494.5,108.15
2011-04-20,15.07,74.37,3.408,1498.3,111.45
2011-04-21,14.69,74.0,3.3939999999999997,1503.2,112.29
2011-04-22,,74.0,3.3939999999999997,,
2011-04-25,15.77,73.99,3.366,1508.6,112.28
2011-04-26,15.62,73.84,3.3089999999999997,1503.0,112.21
2011-04-27,15.35,73.52,3.3569999999999998,1516.7,112.76
2011-04-28,14.62,73.12,3.3160000000000003,1530.8,112.86
2011-04-29,14.75,72.93,3.29,1556.0,113.93
2011-05-02,15.99,72.95,3.281,1556.7,113.52
2011-05-03,16.7,73.14,3.2510000000000003,1540.1,111.05
2011-05-04,17.08,73.03,3.221,1514.9,109.24
2011-05-05,18.2,74.19,3.1519999999999997,1480.9,99.8
2011-05-06,18.4,74.84,3.15,1491.2,97.18
2011-05-09,17.16,74.74,3.157,1502.9,102.55
2011-05-10,15.91,74.61,3.213,1516.6,103.88
2011-05-11,16.95,75.33,3.156,1501.1,98.21
2011-05-12,16.03,75.24,3.2260000000000004,1506.6,98.97
2011-05-13,17.07,75.76,3.1689999999999996,1493.4,99.65
2011-05-16,18.24,75.47,3.147,1490.4,97.37
2011-05-17,17.55,75.4,3.114,1479.8,96.91
2011-05-18,16.23,75.47,3.1839999999999997,1495.6,100.1
2011-05-19,15.52,75.12,3.173,1492.2,98.44
2011-05-20,17.43,75.44,3.147,1508.8,99.49
2011-05-23,18.27,76.1,3.1289999999999996,1515.3,97.7
2011-05-24,17.82,75.88,3.116,1523.2,99.59
2011-05-25,17.07,75.93,3.1319999999999997,1526.6,101.32
2011-05-26,16.09,75.55,3.0589999999999997,1522.8,100.23
2011-05-27,15.98,74.95,3.072,1536.3,100.59
2011-05-30,,74.96,3.062,,
2011-05-31,15.45,74.64,3.0589999999999997,1535.9,102.7
2011-06-01,18.3,74.68,2.944,1542.4,100.29
2011-06-02,18.09,74.33,3.031,1532.0,100.4
2011-06-03,17.95,73.78,2.991,1541.7,100.22
2011-06-06,18.49,73.95,2.997,1546.5,99.01
2011-06-07,18.07,73.52,3.0,1543.3,99.09
2011-06-08,18.79,73.93,2.946,1538.1,100.74
2011-06-09,17.77,74.19,2.997,1542.1,101.93
2011-06-10,18.86,74.8,2.9730000000000003,1528.6,99.29
2011-06-13,19.61,74.51,2.984,1515.0,97.3
2011-06-14,18.26,74.33,3.0989999999999998,1523.8,99.37
2011-06-15,21.32,75.6,2.967,1525.6,94.81
2011-06-16,22.73,75.75,2.926,1529.3,94.95
2011-06-17,21.85,74.99,2.944,1538.6,93.01
2011-06-20,19.99,75.03,2.9560000000000004,1541.5,93.26
2011-06-21,18.86,74.54,2.98,1546.0,93.4
2011-06-22,18.52,74.78,2.98,1552.9,95.41
2011-06-23,19.29,75.45,2.9139999999999997,1520.1,91.02
2011-06-24,21.1,75.67,2.8710000000000004,1500.5,91.16
2011-06-27,20.56,75.39,2.932,1496.0,90.61
2011-06-28,19.17,75.06,3.034,1499.7,92.89
2011-06-29,17.27,74.69,3.1210000000000004,1509.9,94.77
2011-06-30,16.52,74.3,3.16,1502.3,95.42
2011-07-01,15.87,74.35,3.182,1482.3,94.94
2011-07-04,,74.28,3.2,,
2011-07-05,16.06,74.69,3.1189999999999998,1512.3,96.89
2011-07-06,16.34,75.12,3.11,1528.7,96.65
2011-07-07,15.95,74.96,3.138,1530.2,98.67
2011-07-08,15.95,75.18,3.03,1541.2,96.2
2011-07-11,18.39,75.99,2.924,1548.8,95.15
2011-07-12,19.87,75.81,2.877,1561.9,97.43
2011-07-13,19.91,75.21,2.884,1585.2,98.05
2011-07-14,20.8,75.25,2.9530000000000003,1589.0,95.69
2011-07-15,19.53,75.13,2.908,1589.8,97.24
2011-07-18,20.95,75.48,2.92,1602.1,95.93
2011-07-19,19.21,75.22,2.878,1600.9,97.5
2011-07-20,19.09,74.79,2.931,1596.7,98.14
2011-07-21,17.56,74.02,3.014,1586.8,99.13
2011-07-22,17.52,74.2,2.964,1601.3,99.87
2011-07-25,19.35,74.06,3.0039999999999996,1612.0,99.2
2011-07-26,20.23,73.47,2.955,1616.6,99.59
2011-07-27,22.98,74.09,2.9819999999999998,1615.0,97.4
2011-07-28,23.74,74.22,2.955,1613.4,97.44
2011-07-29,25.25,73.9,2.792,1628.3,95.7
2011-08-01,23.66,74.26,2.753,1619.0,94.89
2011-08-02,24.79,74.51,2.613,1641.9,93.79
2011-08-03,23.38,74.04,2.615,1663.4,91.93
2011-08-04,31.66,75.12,2.407,1656.2,86.63
2011-08-05,32.0,74.6,2.563,1648.8,86.88
2011-08-08,48.0,74.79,2.316,1710.2,81.31
2011-08-09,35.06,74.61,2.275,1740.0,79.3
2011-08-10,42.99,74.64,2.095,1781.3,82.89
2011-08-11,39.0,74.68,2.333,1748.8,85.72
2011-08-12,36.36,74.61,2.26,1740.2,85.38
2011-08-15,31.87,73.84,2.3080000000000003,1755.5,87.88
2011-08-16,32.85,74.01,2.225,1782.4,86.65
2011-08-17,31.58,73.67,2.167,1791.2,87.58
2011-08-18,42.67,74.24,2.068,1818.9,82.38
2011-08-19,43.05,74.01,2.0669999999999997,1848.9,82.26
2011-08-22,42.44,74.07,2.109,1888.7,84.12
2011-08-23,36.27,73.89,2.158,1858.3,85.44
2011-08-24,35.9,74.01,2.294,1754.1,85.16
2011-08-25,39.76,74.28,2.234,1759.8,85.3
2011-08-26,35.59,73.81,2.19,1794.1,85.37
2011-08-29,32.28,73.72,2.2640000000000002,1788.4,87.27
2011-08-30,32.89,73.95,2.176,1826.7,88.9
2011-08-31,31.62,74.12,2.234,1828.5,88.81
2011-09-01,31.82,74.48,2.1319999999999997,1826.0,88.93
2011-09-02,33.92,74.76,1.994,1873.7,86.45
2011-09-05,,75.11,1.9880000000000002,,
2011-09-06,37.0,75.95,1.982,1869.9,86.02
2011-09-07,33.38,75.47,2.041,1814.2,89.34
2011-09-08,34.32,76.25,1.9769999999999999,1854.4,89.05
2011-09-09,38.52,77.19,1.915,1856.4,87.24
2011-09-12,38.59,77.58,1.9480000000000002,1809.9,88.19
2011-09-13,36.91,76.92,1.992,1826.8,90.21
2011-09-14,34.6,76.83,1.992,1823.5,88.91
2011-09-15,31.97,76.24,2.083,1778.5,89.4
2011-09-16,30.98,76.6,2.057,1812.1,87.96
2011-09-19,32.73,77.15,1.956,1776.4,85.7
2011-09-20,32.86,77.02,1.9369999999999998,1806.6,86.89
2011-09-21,37.32,77.34,1.8559999999999999,1805.5,85.92
2011-09-22,41.35,78.45,1.72,1739.2,80.51
2011-09-23,41.25,78.5,1.83,1637.5,79.85
2011-09-26,39.02,78.36,1.9040000000000001,1592.5,80.24
2011-09-27,37.71,77.51,1.98,1650.6,84.45
2011-09-28,41.08,77.85,1.9869999999999999,1616.3,81.21
2011-09-29,38.84,78.03,2.002,1615.5,82.14
2011-09-30,42.96,78.55,1.9169999999999998,1620.4,79.2
2011-10-03,45.45,79.43,1.749,1656.0,77.61
2011-10-04,40.82,79.6,1.817,1614.7,75.67
2011-10-05,37.81,78.92,1.891,1640.3,79.68
2011-10-06,36.27,78.63,1.992,1651.9,82.59
2011-10-07,36.2,78.73,2.075,1634.5,82.98
2011-10-10,33.02,77.49,2.07,1669.6,85.41
2011-10-11,32.86,77.58,2.1590000000000003,1659.7,85.81
2011-10-12,31.26,76.99,2.2119999999999997,1681.3,85.57
2011-10-13,30.7,77.0,2.182,1667.3,84.23
2011-10-14,28.24,76.62,2.251,1681.8,86.8
2011-10-17,33.39,77.15,2.155,1675.5,86.38
2011-10-18,31.56,77.14,2.175,1651.7,88.34
2011-10-19,34.44,77.11,2.157,1646.0,86.11
2011-10-20,34.78,76.97,2.187,1611.9,85.3
2011-10-21,31.32,76.39,2.2159999999999997,1635.1,87.4
2011-10-24,29.26,76.03,2.234,1651.5,91.27
2011-10-25,32.22,76.12,2.114,1699.6,93.17
2011-10-26,29.86,76.25,2.207,1722.7,90.2
2011-10-27,25.46,74.88,2.385,1746.7,93.96
2011-10-28,24.53,75.07,2.324,1746.2,93.32
2011-10-31,29.96,76.17,2.116,1724.2,93.19
2011-11-01,34.77,77.26,1.9909999999999999,1711.0,92.19
2011-11-02,32.74,77.02,1.989,1728.7,92.51
2011-11-03,30.5,76.67,2.073,1764.2,94.07
2011-11-04,30.16,76.96,2.0380000000000003,1755.3,94.26
2011-11-07,29.85,76.96,2.02,1790.3,95.52
2011-11-08,27.48,76.59,2.079,1798.4,96.8
2011-11-09,36.16,77.93,1.966,1790.9,95.74
2011-11-10,32.81,77.74,2.057,1758.9,97.78
2011-11-11,30.04,76.94,2.057,1787.5,98.99
2011-11-14,31.13,77.57,2.045,1777.8,98.14
2011-11-15,31.22,77.87,2.049,1781.7,99.37
2011-11-16,33.51,78.02,2.0,1773.8,102.59
2011-11-17,34.51,78.28,1.965,1719.8,98.82
2011-11-18,32.0,78.06,2.005,1724.7,97.41
2011-11-21,32.91,78.3,1.965,1678.3,96.92
2011-11-22,31.97,78.27,1.922,1702.2,98.01
2011-11-23,33.98,79.14,1.8880000000000001,1695.7,96.17
2011-11-24,,79.14,1.8940000000000001,,
2011-11-25,34.47,79.69,1.965,1685.5,96.77
2011-11-28,32.13,79.26,1.97,1710.8,98.21
2011-11-29,30.64,79.01,1.9880000000000002,1713.4,99.79
2011-11-30,27.8,78.38,2.0709999999999997,1745.5,100.36
2011-12-01,27.41,78.33,2.086,1735.3,100.2
2011-12-02,27.52,78.62,2.033,1747.0,100.96
2011-12-05,27.84,78.57,2.033,1730.7,100.99
2011-12-06,28.13,78.5,2.086,1727.9,101.28
2011-12-07,28.67,78.48,2.033,1740.9,100.49
2011-12-08,30.59,78.83,1.97,1709.8,98.34
2011-12-09,26.38,78.63,2.063,1712.8,99.41
2011-12-12,25.67,79.53,2.017,1664.2,97.77
2011-12-13,25.41,80.24,1.963,1659.9,100.14
2011-12-14,26.04,80.59,1.9040000000000001,1584.3,94.95
2011-12-15,25.11,80.32,1.911,1574.6,93.87
2011-12-16,24.29,80.26,1.851,1595.6,93.53
2011-12-19,24.92,80.25,1.81,1594.4,93.88
2011-12-20,23.22,79.88,1.9269999999999998,1615.6,97.22
2011-12-21,21.43,80.02,1.97,1611.9,98.67
2011-12-22,21.16,79.96,1.953,1608.9,99.53
2011-12-23,20.73,79.93,2.021,1604.7,99.68
2011-12-26,,79.93,2.026,,
2011-12-27,21.91,79.8,2.002,1594.2,101.34
2011-12-28,23.52,80.5,1.921,1562.9,99.36
2011-12-29,22.65,80.49,1.899,1539.9,99.65
2011-12-30,23.4,80.18,1.876,1565.8,98.83
2012-01-02,,80.18,1.8730000000000002,,
2012-01-03,22.97,79.61,1.956,1599.7,102.96
2012-01-04,22.22,80.13,1.984,1611.9,103.22
2012-01-05,21.48,80.94,1.996,1619.4,101.81
2012-01-06,20.63,81.25,1.9580000000000002,1616.1,101.56
2012-01-09,21.07,81.05,1.956,1607.5,101.31
2012-01-10,20.69,80.81,1.963,1631.0,102.24
2012-01-11,21.05,81.35,1.905,1639.2,100.87
2012-01-12,20.47,80.77,1.926,1647.3,99.1
2012-01-13,20.91,81.52,1.871,1630.4,98.7
2012-01-16,,81.52,1.86,,
2012-01-17,22.2,81.18,1.858,1655.2,100.71
2012-01-18,20.89,80.61,1.8980000000000001,1659.5,100.59
2012-01-19,19.87,80.22,1.982,1654.1,100.39
2012-01-20,18.28,80.22,2.025,1663.7,98.46
2012-01-23,18.67,79.78,2.0580000000000003,1678.0,99.58
2012-01-24,18.91,79.87,2.063,1664.2,98.95
2012-01-25,18.31,79.58,2.002,1699.8,99.4
2012-01-26,18.57,79.39,1.94,1726.3,99.7
2012-01-27,18.53,78.9,1.891,1731.8,99.56
2012-01-30,19.4,79.17,1.8459999999999999,1731.0,98.78
2012-01-31,19.44,79.29,1.795,1737.8,98.48
2012-02-01,18.55,78.92,1.83,1747.1,97.61
2012-02-02,17.98,78.99,1.8230000000000002,1756.8,96.36
2012-02-03,17.1,78.92,1.9240000000000002,1737.9,97.84
2012-02-06,17.76,79.07,1.901,1722.8,96.91
2012-02-07,17.65,78.58,1.9769999999999999,1746.4,98.41
2012-02-08,18.16,78.64,1.982,1729.3,98.71
2012-02-09,18.63,78.57,2.036,1739.0,99.84
2012-02-10,20.79,79.11,1.984,1723.3,98.67
2012-02-13,19.04,78.95,1.9780000000000002,1723.0,100.91
2012-02-14,19.54,79.58,1.9380000000000002,1715.9,100.74
2012-02-15,21.14,79.67,1.933,1726.3,101.8
2012-02-16,19.22,79.35,1.984,1726.8,102.31
2012-02-17,17.78,79.33,2.0,1724.5,103.24
2012-02-20,,79.33,2.0380000000000003,,
2012-02-21,18.19,79.04,2.061,1757.1,105.84
2012-02-22,18.19,79.21,2.002,1770.0,106.28
2012-02-23,16.8,78.82,1.996,1784.9,107.83
2012-02-24,17.31,78.35,1.9769999999999999,1775.1,109.77
2012-02-27,18.19,78.57,1.925,1773.6,108.56
2012-02-28,17.96,78.27,1.9409999999999998,1787.0,106.55
2012-02-29,18.43,78.74,1.974,1709.9,107.07
2012-03-01,17.26,78.79,2.03,1721.1,108.84
2012-03-02,17.29,79.4,1.979,1708.8,106.7
2012-03-05,18.05,79.3,2.0069999999999997,1703.0,106.72
2012-03-06,20.87,79.87,1.95,1671.4,104.7
2012-03-07,19.07,79.71,1.972,1683.3,106.16
2012-03-08,17.95,79.14,2.016,1698.1,106.58
2012-03-09,17.11,80.04,2.03,1710.9,107.4
2012-03-12,15.64,79.89,2.037,1699.2,106.34
2012-03-13,14.8,80.19,2.126,1693.7,106.71
2012-03-14,15.31,80.56,2.274,1642.5,105.43
2012-03-15,15.42,80.15,2.279,1659.1,105.11
2012-03-16,14.47,79.79,2.298,1655.5,107.06
2012-03-19,15.04,79.79,2.375,1666.9,108.09
2012-03-20,15.58,79.59,2.363,1646.7,105.61
2012-03-21,15.13,79.66,2.296,1650.0,107.27
2012-03-22,15.57,79.74,2.282,1642.3,105.35
2012-03-23,14.82,79.34,2.233,1662.3,106.87
2012-03-26,14.26,78.98,2.253,1685.5,107.03
2012-03-27,15.59,79.05,2.187,1684.8,107.33
2012-03-28,15.47,79.13,2.201,1657.9,105.41
2012-03-29,15.48,79.19,2.1590000000000003,1652.2,102.78
2012-03-30,15.5,79.0,2.214,1669.3,103.02
2012-04-02,15.64,78.82,2.18,1677.5,105.23
2012-04-03,15.66,79.48,2.293,1670.0,104.01
2012-04-04,16.44,79.78,2.2230000000000003,1612.3,101.47
2012-04-05,16.7,80.08,2.18,1628.5,103.31
2012-04-06,,79.89,2.0469999999999997,,
2012-04-09,18.81,79.73,2.0469999999999997,1642.5,102.46
2012-04-10,20.39,79.89,1.986,1659.5,101.02
2012-04-11,20.02,79.8,2.037,1659.0,102.7
2012-04-12,17.2,79.28,2.056,1679.5,103.64
2012-04-13,19.55,79.89,1.989,1659.1,102.83
2012-04-16,19.55,79.56,1.982,1648.7,102.93
2012-04-17,18.46,79.48,1.996,1650.3,104.2
2012-04-18,18.64,79.54,1.975,1638.8,102.67
2012-04-19,18.36,79.56,1.9680000000000002,1640.6,102.27
2012-04-20,17.44,79.19,1.959,1642.1,103.05
2012-04-23,18.97,79.42,1.94,1631.9,103.11
2012-04-24,18.1,79.22,1.974,1643.0,103.55
2012-04-25,16.82,79.01,1.9880000000000002,1641.4,104.12
2012-04-26,16.24,78.92,1.9469999999999998,1659.6,104.55
2012-04-27,16.32,78.71,1.9369999999999998,1664.0,104.93
2012-04-30,17.15,78.78,1.919,1663.4,104.87
2012-05-01,16.6,78.86,1.945,1661.7,106.16
2012-05-02,16.88,79.13,1.9280000000000002,1653.4,105.22
2012-05-03,17.56,79.22,1.933,1634.2,102.54
2012-05-04,19.16,79.5,1.879,1644.7,98.49
2012-05-07,18.94,79.6,1.8730000000000002,1638.6,97.94
2012-05-08,19.05,79.74,1.8419999999999999,1604.0,97.01
2012-05-09,20.08,80.08,1.8259999999999998,1593.7,96.81
2012-05-10,18.83,80.11,1.874,1595.1,97.08
2012-05-11,19.89,80.26,1.841,1583.6,96.13
2012-05-14,21.87,80.61,1.7690000000000001,1560.6,94.78
2012-05-15,21.97,81.22,1.77,1556.8,93.98
2012-05-16,22.27,81.37,1.7590000000000001,1536.2,92.81
2012-05-17,24.49,81.38,1.69,1574.5,92.56
2012-05-18,25.1,81.29,1.723,1591.6,91.48
2012-05-21,22.01,81.08,1.743,1588.4,92.57
2012-05-22,22.48,81.49,1.777,1576.3,91.66
2012-05-23,22.33,82.09,1.733,1548.1,89.9
2012-05-24,21.54,82.35,1.7830000000000001,1557.3,90.66
2012-05-25,21.76,82.4,1.746,1568.8,90.86
2012-05-28,,82.4,1.745,,
2012-05-29,21.03,82.48,1.7480000000000002,1548.6,90.76
2012-05-30,24.14,83.02,1.619,1563.4,87.82
2012-05-31,24.06,83.04,1.5630000000000002,1562.6,86.53
2012-06-01,26.66,82.89,1.459,1620.5,83.23
2012-06-04,26.12,82.56,1.524,1612.2,83.98
2012-06-05,24.68,82.83,1.5730000000000002,1615.2,84.29
2012-06-06,22.16,82.32,1.661,1632.8,85.02
2012-06-07,21.72,82.05,1.6440000000000001,1586.6,84.82
2012-06-08,21.23,82.51,1.632,1590.1,84.1
2012-06-11,23.56,82.52,1.5859999999999999,1595.5,82.7
2012-06-12,22.09,82.42,1.6640000000000001,1612.7,83.32
2012-06-13,24.27,82.06,1.599,1618.1,82.62
2012-06-14,21.68,81.99,1.642,1618.4,83.91
2012-06-15,21.11,81.63,1.5859999999999999,1627.0,84.03
2012-06-18,18.32,81.95,1.574,1625.7,83.27
2012-06-19,18.38,81.38,1.62,1622.2,84.03
2012-06-20,17.24,81.58,1.65,1614.8,81.8
2012-06-21,20.08,82.29,1.62,1564.5,78.2
2012-06-22,18.11,82.26,1.676,1566.0,79.76
2012-06-25,20.38,82.5,1.604,1587.5,79.21
2012-06-26,19.72,82.37,1.6280000000000001,1574.0,79.36
2012-06-27,19.45,82.62,1.621,1577.5,80.21
2012-06-28,19.71,82.81,1.584,1549.7,77.69
2012-06-29,17.08,81.63,1.643,1603.5,84.96
2012-07-02,16.74,81.87,1.587,1597.2,83.75
2012-07-03,16.66,81.78,1.6280000000000001,1621.3,87.66
2012-07-04,,81.78,,,
2012-07-05,17.5,82.81,1.599,1608.9,87.22
2012-07-06,17.1,83.38,1.5490000000000002,1578.4,84.45
2012-07-09,17.98,83.16,1.5130000000000001,1588.6,85.99
2012-07-10,18.72,83.4,1.5019999999999998,1579.3,83.91
2012-07-11,17.95,83.57,1.515,1575.2,85.81
2012-07-12,18.33,83.66,1.4780000000000002,1564.9,86.08
2012-07-13,16.74,83.35,1.4909999999999999,1591.6,87.1
2012-07-16,17.11,83.1,1.4709999999999999,1591.2,88.43
2012-07-17,16.48,83.03,1.508,1589.1,89.22
2012-07-18,16.16,83.07,1.494,1570.4,89.87
2012-07-19,15.45,82.88,1.511,1580.1,92.66
2012-07-20,16.27,83.48,1.4580000000000002,1582.5,91.44
2012-07-23,18.62,83.71,1.4380000000000002,1577.1,88.14
2012-07-24,20.47,84.0,1.391,1576.0,88.5
2012-07-25,19.34,83.52,1.3969999999999998,1608.0,88.97
2012-07-26,17.53,82.81,1.4380000000000002,1615.0,89.39
2012-07-27,16.7,82.71,1.545,1617.9,90.13
2012-07-30,18.03,82.79,1.5,1619.7,89.78
2012-07-31,18.93,82.64,1.47,1610.5,88.06
2012-08-01,18.96,83.06,1.524,1603.7,88.91
2012-08-02,17.57,83.36,1.4780000000000002,1587.4,87.13
2012-08-03,15.64,82.38,1.568,1606.0,91.4
2012-08-06,15.95,82.27,1.565,1612.9,92.2
2012-08-07,15.99,82.21,1.6280000000000001,1609.7,93.67
2012-08-08,15.32,82.39,1.651,1612.9,93.35
2012-08-09,15.28,82.64,1.695,1617.1,93.36
2012-08-10,14.74,82.55,1.659,1619.7,92.87
2012-08-13,13.7,82.44,1.666,1609.6,92.73
2012-08-14,14.85,82.48,1.733,1599.4,93.43
2012-08-15,14.63,82.64,1.817,1603.7,94.33
2012-08-16,14.29,82.36,1.835,1616.1,95.6
2012-08-17,13.45,82.6,1.814,1616.3,96.01
2012-08-20,14.02,82.46,1.81,1620.1,95.97
2012-08-21,15.02,81.91,1.8019999999999998,1639.9,96.68
2012-08-22,15.11,81.49,1.695,1637.4,97.26
2012-08-23,15.96,81.36,1.675,1669.6,96.27
2012-08-24,15.18,81.59,1.6869999999999998,1669.8,96.15
2012-08-27,16.35,81.66,1.652,1672.4,95.47
2012-08-28,16.49,81.37,1.6369999999999998,1666.5,96.33
2012-08-29,17.06,81.55,1.652,1659.8,95.49
2012-08-30,17.83,81.69,1.6280000000000001,1653.5,94.62
2012-08-31,17.47,81.21,1.548,1684.6,96.47
2012-09-03,,81.21,,,
2012-09-04,17.98,81.31,1.574,1692.9,95.3
2012-09-05,17.74,81.23,1.5959999999999999,1690.8,95.36
2012-09-06,15.6,81.04,1.676,1702.6,95.53
2012-09-07,14.38,80.25,1.6680000000000001,1737.5,96.42
2012-09-10,16.28,80.25,1.6540000000000001,1728.7,96.54
2012-09-11,16.41,79.86,1.7,1731.8,97.17
2012-09-12,15.8,79.74,1.758,1730.6,97.01
2012-09-13,14.05,79.26,1.7209999999999999,1769.1,98.31
2012-09-14,14.51,78.85,1.869,1769.8,99.0
2012-09-17,14.59,79.01,1.8430000000000002,1767.7,96.62
2012-09-18,14.18,79.25,1.8119999999999998,1768.4,95.29
2012-09-19,13.88,79.06,1.774,1769.0,91.98
2012-09-20,14.07,79.41,1.765,1767.7,91.87
2012-09-21,13.98,79.33,1.754,1775.5,92.89
2012-09-24,14.15,79.52,1.715,1762.1,91.93
2012-09-25,15.43,79.55,1.671,1763.8,91.37
2012-09-26,16.81,79.89,1.609,1750.6,89.98
2012-09-27,14.84,79.55,1.656,1777.6,91.85
2012-09-28,15.73,79.94,1.633,1771.1,92.19
2012-10-01,16.32,79.82,1.618,1780.5,92.48
2012-10-02,15.71,79.74,1.62,1772.7,91.89
2012-10-03,15.43,79.97,1.6159999999999999,1777.3,88.14
2012-10-04,14.55,79.35,1.673,1794.1,91.71
2012-10-05,14.33,79.34,1.732,1778.6,89.88
2012-10-08,15.11,79.54,,1773.5,89.33
2012-10-09,16.37,79.95,1.713,1763.0,92.39
2012-10-10,16.29,79.92,1.68,1763.2,91.25
2012-10-11,15.59,79.78,1.6680000000000001,1768.8,92.07
2012-10-12,16.14,79.67,1.656,1758.0,91.86
2012-10-15,15.27,79.74,1.6680000000000001,1736.0,91.85
2012-10-16,15.22,79.41,1.722,1744.7,92.09
2012-10-17,15.07,79.02,1.8219999999999998,1751.5,92.12
2012-10-18,15.03,79.37,1.831,1743.3,92.1
2012-10-19,17.06,79.62,1.766,1722.8,90.05
2012-10-22,16.62,79.65,1.815,1725.1,88.73
2012-10-23,18.83,79.98,1.761,1708.3,86.67
2012-10-24,18.33,79.91,1.794,1700.5,85.73
2012-10-25,18.12,80.04,1.8119999999999998,1712.0,86.05
2012-10-26,17.81,80.07,1.749,1710.9,86.28
2012-10-29,,80.23,1.7209999999999999,1707.7,85.54
2012-10-30,,79.93,,1710.5,85.68
2012-10-31,18.6,79.92,1.694,1717.5,86.24
2012-11-01,16.69,80.05,1.73,1714.1,87.09
2012-11-02,17.59,80.59,1.7169999999999999,1674.1,84.86
2012-11-05,18.42,80.75,1.679,1682.2,85.65
2012-11-06,17.58,80.61,1.751,1714.1,88.71
2012-11-07,19.08,80.76,1.6440000000000001,1713.2,84.44
2012-11-08,18.49,80.79,1.618,1725.4,85.09
2012-11-09,18.61,81.03,1.6130000000000002,1730.3,86.07
2012-11-12,16.68,81.03,,1730.3,85.57
2012-11-13,16.65,81.08,1.595,1724.2,85.38
2012-11-14,17.92,81.06,1.589,1729.5,86.32
2012-11-15,17.99,81.08,1.595,1713.3,85.45
2012-11-16,16.41,81.26,1.584,1714.3,86.67
2012-11-19,15.24,80.87,1.6130000000000002,1734.0,89.28
2012-11-20,15.08,80.96,1.6680000000000001,1723.2,86.75
2012-11-21,15.31,80.93,1.68,1727.9,87.38
2012-11-22,,80.93,,,
2012-11-23,15.14,80.19,1.693,1751.3,88.28
2012-11-26,15.5,80.25,1.666,1749.5,87.74
2012-11-27,15.92,80.4,1.639,1742.2,87.18
2012-11-28,15.51,80.34,1.633,1716.5,86.49
2012-11-29,15.06,80.2,1.62,1727.2,88.07
2012-11-30,15.87,80.15,1.6159999999999999,1710.9,88.91
2012-12-03,16.64,79.88,1.6219999999999999,1719.6,89.09
2012-12-04,17.12,79.64,1.605,1694.4,88.5
2012-12-05,16.46,79.77,1.591,1692.4,87.88
2012-12-06,16.58,80.26,1.5859999999999999,1700.3,86.26
2012-12-07,15.9,80.41,1.6230000000000002,1704.0,85.93
2012-12-10,16.05,80.33,1.618,1713.0,85.56
2012-12-11,15.57,80.06,1.656,1708.2,85.79
2012-12-12,15.95,79.81,1.702,1716.6,86.77
2012-12-13,16.56,79.93,1.732,1695.6,85.89
2012-12-14,17.0,79.58,1.704,1695.8,86.73
2012-12-17,16.34,79.57,1.7730000000000001,1697.0,87.2
2012-12-18,15.57,79.36,1.821,1669.5,87.93
2012-12-19,17.36,79.27,1.807,1666.5,89.51
2012-12-20,17.67,79.26,1.8,1644.9,90.13
2012-12-21,17.84,79.62,1.77,1659.1,88.66
2012-12-24,18.59,79.64,1.776,1658.6,88.61
2012-12-25,,79.64,,,
2012-12-26,19.48,79.62,1.749,1659.8,90.98
2012-12-27,19.47,79.62,1.734,1662.6,90.87
2012-12-28,22.72,79.68,1.7009999999999998,1654.9,90.8
2012-12-31,18.02,79.77,1.756,1674.8,91.82
2013-01-01,,79.77,,,
2013-01-02,14.68,79.84,1.835,1687.9,93.12
2013-01-03,14.56,80.38,1.911,1673.7,92.92
2013-01-04,13.83,80.5,1.903,1648.1,93.09
2013-01-07,13.79,80.26,1.901,1645.5,93.19
2013-01-08,13.62,80.34,1.864,1661.5,93.15
2013-01-09,13.81,80.56,1.86,1654.8,93.1
2013-01-10,13.49,79.74,1.899,1677.3,93.82
2013-01-11,13.36,79.56,1.8659999999999999,1660.0,93.56
2013-01-14,13.52,79.49,1.848,1668.9,94.14
2013-01-15,13.55,79.78,1.8359999999999999,1683.4,93.28
2013-01-16,13.42,79.8,1.819,1682.7,94.24
2013-01-17,13.57,79.65,1.8840000000000001,1690.4,95.49
2013-01-18,12.46,80.04,1.84,1686.6,95.56
2013-01-21,,80.04,,,
2013-01-22,12.43,79.87,1.8430000000000002,1692.8,96.24
2013-01-23,12.46,79.92,1.828,1686.3,95.23
2013-01-24,12.69,79.95,1.8519999999999999,1669.5,95.95
2013-01-25,12.89,79.75,1.949,1656.4,95.88
2013-01-28,13.57,79.75,1.965,1652.4,96.44
2013-01-29,13.31,79.56,1.999,1660.7,97.57
2013-01-30,14.32,79.28,1.992,1679.9,97.94
2013-01-31,14.28,79.21,1.985,1660.6,97.49
2013-02-01,12.9,79.21,2.025,1669.4,97.77
2013-02-04,14.67,79.55,1.9569999999999999,1675.3,96.17
2013-02-05,13.72,79.49,2.005,1672.4,96.64
2013-02-06,13.41,79.72,1.964,1677.7,96.62
2013-02-07,13.5,80.19,1.959,1670.4,95.83
2013-02-08,13.02,80.21,1.95,1666.0,95.72
2013-02-11,12.94,80.31,1.964,1648.2,97.03
2013-02-12,12.64,80.11,1.979,1648.7,97.51
2013-02-13,12.98,80.09,2.028,1644.2,97.01
2013-02-14,12.66,80.46,1.9980000000000002,1634.7,97.31
2013-02-15,12.46,80.58,2.005,1608.8,95.86
2013-02-18,,80.58,,,
2013-02-19,12.31,80.47,2.028,1603.6,96.66
2013-02-20,14.68,81.07,2.01,1577.6,94.46
2013-02-21,15.22,81.46,1.974,1578.2,92.84
2013-02-22,14.17,81.46,1.962,1572.4,93.13
2013-02-25,18.99,81.67,1.865,1586.2,93.11
2013-02-26,16.87,81.87,1.886,1615.2,92.63
2013-02-27,14.73,81.6,1.9,1595.2,92.76
2013-02-28,15.51,81.95,1.881,1577.7,92.05
2013-03-01,15.36,82.28,1.845,1571.9,90.68
2013-03-04,14.01,82.19,1.879,1572.1,90.12
2013-03-05,13.48,82.09,1.8980000000000001,1574.6,90.82
2013-03-06,13.53,82.46,1.939,1574.6,90.43
2013-03-07,13.06,82.08,1.995,1574.8,91.56
2013-03-08,12.59,82.72,2.049,1576.6,91.95
2013-03-11,11.56,82.57,2.061,1577.8,92.06
2013-03-12,12.27,82.58,2.019,1591.5,92.54
2013-03-13,11.83,82.89,2.023,1588.3,92.52
2013-03-14,11.3,82.61,2.037,1590.6,93.03
2013-03-15,11.3,82.13,1.9909999999999999,1592.5,93.45
2013-03-18,13.36,82.69,1.955,1604.6,93.74
2013-03-19,14.39,82.99,1.9040000000000001,1611.3,92.16
2013-03-20,12.67,82.78,1.9580000000000002,1607.5,92.96
2013-03-21,13.99,82.74,1.915,1613.8,92.45
2013-03-22,13.57,82.53,1.9269999999999998,1606.2,93.71
2013-03-25,13.74,82.83,1.92,1604.6,94.81
2013-03-26,12.77,82.88,1.911,1595.8,96.34
2013-03-27,13.15,83.22,1.845,1606.2,96.58
2013-03-28,12.7,82.99,1.8519999999999999,1594.8,97.23
2013-03-29,,83.22,,,
2013-04-01,13.58,82.73,1.835,1600.0,97.07
2013-04-02,12.78,82.92,1.8619999999999999,1575.1,97.19
2013-04-03,14.21,82.72,1.8159999999999998,1552.8,94.45
2013-04-04,13.89,82.68,1.766,1551.8,93.26
2013-04-05,13.92,82.5,1.714,1575.4,92.7
2013-04-08,13.19,82.75,1.745,1572.0,93.36
2013-04-09,12.84,82.31,1.7519999999999998,1586.2,94.2
2013-04-10,12.36,82.53,1.805,1558.3,94.64
2013-04-11,12.24,82.25,1.791,1564.3,93.51
2013-04-12,12.06,82.13,1.7209999999999999,1501.0,91.29
2013-04-15,17.27,82.42,1.6880000000000002,1360.6,88.71
2013-04-16,13.96,81.75,1.722,1386.8,88.72
2013-04-17,16.51,82.68,1.6980000000000002,1382.2,86.68
2013-04-18,17.56,82.56,1.686,1392.0,87.73
2013-04-19,14.97,82.71,1.705,1395.3,88.01
2013-04-22,14.39,82.68,1.695,1421.0,88.76
2013-04-23,13.48,83.05,1.706,1408.6,89.18
2013-04-24,13.61,83.05,1.703,1423.4,91.43
2013-04-25,13.62,82.74,1.71,1461.8,93.64
2013-04-26,13.61,82.47,1.665,1453.6,93.0
2013-04-29,13.71,82.15,1.6669999999999998,1467.4,94.5
2013-04-30,13.52,81.75,1.673,1472.2,93.46
2013-05-01,14.49,81.48,1.632,1446.3,91.03
2013-05-02,13.59,82.22,1.624,1467.7,93.99
2013-05-03,12.85,82.1,1.74,1464.3,95.61
2013-05-06,12.66,82.31,1.764,1468.1,96.16
2013-05-07,12.83,82.25,1.78,1449.0,95.62
2013-05-08,12.66,81.9,1.767,1473.9,96.62
2013-05-09,13.13,82.79,1.8130000000000002,1468.8,96.39
2013-05-10,12.59,83.14,1.9,1436.8,96.04
2013-05-11,,,1.9,,
2013-05-13,12.55,83.28,1.9169999999999998,1434.5,95.17
2013-05-14,12.77,83.59,1.982,1424.7,94.21
2013-05-15,12.81,83.83,1.94,1396.5,94.3
2013-05-16,13.07,83.59,1.879,1387.1,95.16
2013-05-17,12.45,84.25,1.954,1364.9,96.02
2013-05-18,,,1.954,,
2013-05-20,13.02,83.74,1.965,1384.3,96.71
2013-05-21,13.37,83.86,1.93,1377.8,96.16
2013-05-22,13.82,84.35,2.037,1367.6,94.28
2013-05-23,14.07,83.8,2.016,1392.0,94.25
2013-05-24,13.99,83.7,2.011,1386.8,94.15
2013-05-25,,,2.011,,
2013-05-27,,83.7,,1395.95,93.83
2013-05-28,14.48,84.1,2.167,1379.1,95.01
2013-05-29,14.83,83.66,2.119,1391.3,93.13
2013-05-30,14.53,83.04,2.119,1411.5,93.61
2013-05-31,16.3,83.26,2.1319999999999997,1392.6,91.97
2013-06-01,,,2.1319999999999997,,
2013-06-03,16.28,82.66,2.128,1411.7,93.45
2013-06-04,16.27,82.77,2.15,1397.1,93.31
2013-06-05,17.5,82.59,2.0909999999999997,1398.4,93.74
2013-06-06,16.63,81.54,2.079,1415.7,94.76
2013-06-07,15.14,81.67,2.1790000000000003,1383.0,96.03
2013-06-08,,,2.1790000000000003,,
2013-06-10,15.44,81.65,2.213,1386.2,95.77
2013-06-11,17.07,81.11,2.19,1377.0,95.38
2013-06-12,18.59,80.95,2.228,1391.8,95.88
2013-06-13,16.41,80.75,2.149,1377.6,96.69
2013-06-14,17.15,80.62,2.13,1387.3,97.85
2013-06-15,,,2.129,,
2013-06-16,,,2.129,,
2013-06-17,16.8,80.79,2.178,1382.8,97.77
2013-06-18,16.61,80.61,2.185,1366.6,98.44
2013-06-19,16.64,81.43,2.354,1373.6,98.24
2013-06-20,20.49,81.92,2.421,1285.9,95.4
2013-06-21,18.9,82.41,2.542,1291.6,93.69
2013-06-22,,,2.542,,
2013-06-23,,,2.542,,
2013-06-24,20.11,82.42,2.544,1276.8,95.18
2013-06-25,18.47,82.58,2.612,1274.8,95.32
2013-06-26,17.21,82.98,2.541,1229.6,95.5
2013-06-27,16.86,82.9,2.474,1211.4,97.05
2013-06-28,16.86,83.14,2.487,1223.8,96.56
2013-06-29,,,2.487,,
2013-07-01,16.37,83.05,2.477,1255.9,97.99
2013-07-02,16.44,83.54,2.471,1243.6,99.6
2013-07-03,16.2,83.23,2.503,1252.1,101.24
2013-07-04,,83.23,2.503,1247.05,101.4
2013-07-05,14.89,84.44,2.736,1212.9,103.22
2013-07-06,,,2.736,,
2013-07-08,14.78,84.19,2.638,1234.9,103.14
2013-07-09,14.35,84.58,2.64,1245.9,103.53
2013-07-10,14.21,84.04,2.674,1247.4,106.52
2013-07-11,14.01,82.75,2.572,1280.1,104.91
2013-07-12,13.84,82.99,2.592,1277.8,105.95
2013-07-13,,,2.592,,
2013-07-15,13.79,83.04,2.543,1283.8,106.32
2013-07-16,14.42,82.5,2.532,1290.8,106.0
2013-07-17,13.78,82.71,2.491,1277.9,106.48
2013-07-18,13.77,82.82,2.5340000000000003,1284.6,108.04
2013-07-19,12.54,82.62,2.4819999999999998,1293.3,108.05
2013-07-20,,,2.4819999999999998,,
2013-07-22,12.29,82.22,2.484,1336.4,106.91
2013-07-23,12.66,81.94,2.5069999999999997,1335.1,107.23
2013-07-24,13.18,82.29,2.5839999999999996,1319.7,105.39
2013-07-25,12.97,81.97,2.577,1329.0,105.49
2013-07-26,12.72,81.66,2.5639999999999996,1321.7,104.7
2013-07-27,,,2.5639999999999996,,
2013-07-29,13.39,81.66,2.5989999999999998,1328.4,104.55
2013-07-30,13.39,81.83,2.6060000000000003,1324.0,103.08
2013-07-31,13.45,81.45,2.588,1312.4,105.03
2013-08-01,12.94,82.34,2.708,1311.0,107.89
2013-08-02,11.98,81.91,2.5980000000000003,1310.6,106.94
2013-08-03,,,2.5980000000000003,,
2013-08-05,11.84,81.88,2.64,1302.6,106.56
2013-08-06,12.72,81.6,2.642,1283.2,105.3
2013-08-07,12.98,81.29,2.5989999999999998,1286.1,104.37
2013-08-08,12.73,80.98,2.5869999999999997,1310.7,103.4
2013-08-09,13.41,81.13,2.58,1312.9,105.97
2013-08-10,,,2.58,,
2013-08-11,,,2.575,,
2013-08-12,12.81,81.33,2.622,1334.7,106.11
2013-08-13,12.31,81.77,2.721,1321.2,106.83
2013-08-14,13.04,81.71,2.7119999999999997,1334.0,106.85
2013-08-15,14.73,81.18,2.764,1361.6,107.33
2013-08-16,14.37,81.26,2.825,1371.7,107.46
2013-08-18,,,2.845,,
2013-08-19,15.1,81.23,2.8819999999999997,1366.2,107.1
2013-08-20,14.91,80.91,2.818,1373.1,104.96
2013-08-21,15.94,81.21,2.892,1370.6,103.85
2013-08-22,14.76,81.49,2.892,1371.2,105.03
2013-08-23,13.98,81.36,2.818,1395.7,106.42
2013-08-25,,,2.824,,
2013-08-26,14.99,81.41,2.787,1393.0,105.92
2013-08-27,16.77,81.17,2.7089999999999996,1420.6,109.01
2013-08-28,16.49,81.43,2.765,1419.0,110.1
2013-08-29,16.81,81.95,2.762,1412.9,108.8
2013-08-30,17.01,82.09,2.7889999999999997,1396.1,107.65
2013-09-01,,,2.7889999999999997,,
2013-09-02,,82.09,2.835,1393.7,106.75
2013-09-03,16.61,82.36,2.863,1412.0,108.54
2013-09-04,15.88,82.17,2.897,1389.9,107.23
2013-09-05,15.77,82.63,2.9960000000000004,1373.1,108.37
2013-09-06,15.85,82.15,2.9339999999999997,1386.7,110.53
2013-09-07,,,2.9339999999999997,,
2013-09-08,,,2.9419999999999997,,
2013-09-09,15.63,81.79,2.9139999999999997,1386.8,109.52
2013-09-10,14.53,81.82,2.966,1364.1,107.39
2013-09-11,13.82,81.52,2.912,1363.9,107.56
2013-09-12,14.29,81.49,2.905,1330.4,108.6
2013-09-13,14.16,81.45,2.89,1308.4,108.21
2013-09-15,,,2.89,,
2013-09-16,14.38,81.3,2.862,1317.9,106.59
2013-09-17,14.53,81.14,2.8489999999999998,1309.5,105.42
2013-09-18,13.59,80.24,2.6919999999999997,1307.8,108.07
2013-09-19,13.16,80.37,2.752,1369.4,106.39
2013-09-20,13.12,80.43,2.736,1332.5,104.68
2013-09-22,,,2.736,,
2013-09-23,14.31,80.45,2.701,1326.9,103.59
2013-09-24,14.08,80.56,2.655,1316.0,103.13
2013-09-25,14.01,80.33,2.6260000000000003,1335.9,102.66
2013-09-26,14.06,80.52,2.648,1323.6,103.03
2013-09-27,15.46,80.29,2.628,1338.4,102.87
2013-09-29,,,2.595,,
2013-09-30,16.6,80.22,2.615,1326.5,102.33
2013-10-01,15.54,80.14,2.65,1286.0,102.04
2013-10-02,16.6,79.9,2.6189999999999998,1320.6,104.1
2013-10-03,17.67,79.75,2.605,1317.4,103.31
2013-10-04,16.74,80.13,2.645,1309.7,103.84
2013-10-06,,,2.636,,
2013-10-07,19.41,79.94,2.63,1324.8,103.03
2013-10-08,20.34,80.06,2.638,1324.2,103.49
2013-10-09,19.6,80.38,2.661,1306.9,101.61
2013-10-10,16.48,80.42,2.6830000000000003,1296.6,103.01
2013-10-11,15.72,80.41,2.6910000000000003,1268.0,102.02
2013-10-14,16.07,80.26,2.74,1276.4,102.41
2013-10-15,18.66,80.48,2.728,1273.0,101.21
2013-10-16,14.71,80.47,2.667,1282.0,102.29
2013-10-17,13.48,79.65,2.592,1322.7,100.67
2013-10-18,13.04,79.65,2.583,1314.4,100.81
2013-10-20,,,2.589,,
2013-10-21,13.16,79.69,2.6010000000000004,1315.7,99.22
2013-10-22,13.33,79.23,2.511,1342.5,97.8
2013-10-23,13.42,79.26,2.498,1333.9,96.86
2013-10-24,13.2,79.19,2.52,1350.2,97.11
2013-10-25,13.09,79.19,2.511,1352.4,97.85
2013-10-27,,,2.512,,
2013-10-28,13.31,79.25,2.523,1352.0,98.68
2013-10-29,13.41,79.61,2.503,1345.2,98.2
2013-10-30,13.65,79.78,2.5380000000000003,1349.0,96.77
2013-10-31,13.75,80.19,2.552,1323.6,96.38
2013-11-01,13.28,80.72,2.62,1313.1,94.61
2013-11-03,,,2.62,,
2013-11-04,12.93,80.55,2.603,1314.6,94.62
2013-11-05,13.27,80.71,2.67,1308.0,93.37
2013-11-06,12.67,80.48,2.6439999999999997,1317.7,94.8
2013-11-07,13.91,80.84,2.602,1308.4,94.2
2013-11-08,12.9,81.3,2.7510000000000003,1284.5,94.6
2013-11-11,12.53,81.09,2.7680000000000002,1281.0,95.14
2013-11-12,12.82,81.19,2.7739999999999996,1271.1,93.04
2013-11-13,12.52,80.93,2.716,1268.3,93.88
2013-11-14,12.37,81.02,2.693,1286.2,93.76
2013-11-15,12.19,80.85,2.7030000000000003,1287.3,93.84
2013-11-17,,,2.714,,
2013-11-18,13.1,80.83,2.6660000000000004,1272.2,93.03
2013-11-19,13.39,80.7,2.7119999999999997,1273.4,93.34
2013-11-20,13.4,81.11,2.804,1257.9,93.33
2013-11-21,12.66,81.07,2.7880000000000003,1243.5,95.44
2013-11-22,12.26,80.71,2.7439999999999998,1244.0,94.84
2013-11-24,,,2.753,,
2013-11-25,12.79,80.92,2.73,1241.1,94.09
2013-11-26,12.81,80.61,2.71,1241.4,93.68
2013-11-27,12.98,80.72,2.739,1237.8,92.3
2013-11-28,,80.72,2.748,1243.8,92.28
2013-11-29,13.7,80.68,2.7460000000000004,1250.6,92.72
2013-12-01,,,2.752,,
2013-12-02,14.23,80.92,2.7969999999999997,1222.3,93.82
2013-12-03,14.55,80.92,2.784,1221.7,96.04
2013-12-04,14.7,80.62,2.8369999999999997,1248.2,97.2
2013-12-05,15.08,80.23,2.873,1233.2,97.38
2013-12-06,13.79,80.31,2.8569999999999998,1230.3,97.65
2013-12-08,,,2.866,,
2013-12-09,13.49,80.13,2.841,1235.3,97.34
2013-12-10,13.91,79.97,2.803,1262.4,98.51
2013-12-11,15.42,79.89,2.855,1258.5,97.44
2013-12-12,15.54,80.21,2.8789999999999996,1226.0,97.5
2013-12-13,15.76,80.21,2.866,1235.7,96.6
2013-12-15,,,2.8680000000000003,,
2013-12-16,16.03,80.07,2.8789999999999996,1245.5,97.48
2013-12-17,16.21,80.06,2.8369999999999997,1231.2,97.22
2013-12-18,13.8,80.11,2.8960000000000004,1236.1,97.8
2013-12-19,14.15,80.63,2.929,1195.0,98.77
2013-12-20,13.79,80.58,2.89,1205.1,99.32
2013-12-22,,,2.885,,
2013-12-23,13.04,80.45,2.931,1198.4,98.91
2013-12-24,12.48,80.45,2.9810000000000003,1205.1,99.22
2013-12-25,,80.45,3.0,,
2013-12-26,12.33,80.48,2.992,1214.1,99.55
2013-12-27,12.46,80.39,3.002,1216.1,100.32
2013-12-29,,,3.0060000000000002,,
2013-12-30,13.56,80.0,2.972,1203.1,99.29
2013-12-31,13.72,80.03,3.0260000000000002,1201.9,98.42
2014-01-01,,80.03,3.0260000000000002,1205.4,98.7
2014-01-02,14.23,80.63,2.991,1225.0,95.44
2014-01-03,13.76,80.79,2.998,1238.4,93.96
2014-01-05,,,3.012,,
2014-01-06,13.55,80.65,2.958,1237.8,93.43
2014-01-07,12.92,80.83,2.9410000000000003,1229.4,93.67
2014-01-08,12.87,81.02,2.991,1225.3,92.33
2014-01-09,12.89,81.0,2.969,1229.3,91.66
2014-01-10,12.14,80.66,2.86,1246.7,92.72
2014-01-12,,,2.858,,
2014-01-13,13.28,80.51,2.8289999999999997,1250.9,91.8
2014-01-14,12.28,80.66,2.873,1245.2,92.59
2014-01-15,12.28,81.03,2.8930000000000002,1238.1,94.17
2014-01-16,12.53,80.91,2.841,1240.0,93.96
2014-01-17,12.44,81.22,2.821,1251.7,94.37
2014-01-20,,81.22,2.8289999999999997,1255.1,93.93
2014-01-21,12.87,81.1,2.832,1242.3,94.99
2014-01-22,12.84,81.17,2.867,1239.0,96.73
2014-01-23,13.77,80.44,2.779,1262.6,97.32
2014-01-24,18.14,80.46,2.719,1264.5,96.64
2014-01-26,,,2.715,,
2014-01-27,17.42,80.52,2.75,1263.6,95.72
2014-01-28,15.8,80.57,2.752,1251.0,97.41
2014-01-29,17.35,80.5,2.679,1262.2,97.36
2014-01-30,17.29,81.08,2.697,1242.2,98.23
2014-01-31,18.41,81.31,2.6439999999999997,1240.1,97.49
2014-02-02,,,2.6660000000000004,,
2014-02-03,21.44,81.01,2.577,1260.4,96.43
2014-02-04,19.11,81.12,2.6310000000000002,1251.7,97.19
2014-02-05,19.95,81.04,2.6689999999999996,1257.3,97.38
2014-02-06,17.23,80.91,2.702,1257.6,97.84
2014-02-07,15.29,80.69,2.6839999999999997,1263.3,99.88
2014-02-09,,,2.6839999999999997,,
2014-02-10,15.26,80.64,2.6689999999999996,1274.8,100.06
2014-02-11,14.51,80.64,2.7260000000000004,1290.1,99.94
2014-02-12,14.3,80.68,2.763,1295.3,100.37
2014-02-13,14.14,80.32,2.734,1300.4,100.35
2014-02-14,13.57,80.15,2.745,1319.0,100.3
2014-02-17,,80.14,2.748,1328.5,100.58
2014-02-18,13.87,80.01,2.7089999999999996,1324.7,102.43
2014-02-19,15.5,80.14,2.739,1320.6,103.31
2014-02-20,14.79,80.29,2.752,1317.1,102.92
2014-02-21,14.68,80.24,2.7319999999999998,1323.9,102.2
2014-02-23,,,2.737,,
2014-02-24,14.23,80.2,2.741,1338.3,102.82
2014-02-25,13.67,80.14,2.7030000000000003,1343.0,101.83
2014-02-26,14.35,80.43,2.6660000000000004,1328.2,102.59
2014-02-27,14.04,80.28,2.639,1331.6,102.4
2014-02-28,14.0,79.69,2.6489999999999996,1321.4,102.59
2014-03-02,,,2.608,,
2014-03-03,16.0,80.08,2.603,1350.1,104.92
2014-03-04,14.1,80.17,2.701,1337.8,103.33
2014-03-05,13.89,80.11,2.708,1340.2,101.45
2014-03-06,14.21,79.66,2.739,1351.7,101.56
2014-03-07,14.11,79.72,2.79,1338.1,102.58
2014-03-09,,,2.79,,
2014-03-10,14.2,79.77,2.779,1341.4,101.12
2014-03-11,14.8,79.74,2.77,1346.5,100.03
2014-03-12,14.47,79.61,2.7319999999999998,1370.3,97.99
2014-03-13,16.22,79.62,2.645,1372.2,98.2
2014-03-14,17.82,79.45,2.656,1379.0,98.89
2014-03-16,,,2.64,,
2014-03-17,15.64,79.39,2.694,1372.9,98.08
2014-03-18,14.52,79.41,2.674,1359.0,99.7
2014-03-19,15.12,80.0,2.773,1341.4,100.37
2014-03-20,14.52,80.19,2.773,1330.5,99.43
2014-03-21,15.0,80.11,2.7460000000000004,1336.0,99.46
2014-03-23,,,2.7569999999999997,,
2014-03-24,15.09,79.93,2.73,1311.2,99.6
2014-03-25,14.02,79.94,2.75,1311.4,99.19
2014-03-26,14.93,80.03,2.694,1303.4,100.26
2014-03-27,14.62,80.11,2.6830000000000003,1294.7,101.28
2014-03-28,14.41,80.18,2.7230000000000003,1293.8,101.67
2014-03-30,,,2.7239999999999998,,
2014-03-31,13.88,80.1,2.719,1283.4,101.58
2014-04-01,13.1,80.09,2.755,1279.6,99.74
2014-04-02,13.09,80.22,2.806,1290.5,99.62
2014-04-03,13.37,80.47,2.801,1284.4,100.29
2014-04-04,13.96,80.42,2.7260000000000004,1303.2,101.14
2014-04-06,,,2.721,,
2014-04-07,15.57,80.23,2.701,1298.0,100.44
2014-04-08,14.89,79.75,2.6830000000000003,1308.7,102.56
2014-04-09,13.82,79.48,2.693,1305.5,103.6
2014-04-10,15.89,79.38,2.647,1320.1,103.4
2014-04-11,17.03,79.45,2.628,1318.7,103.74
2014-04-13,,,2.603,,
2014-04-14,16.11,79.73,2.65,1327.2,104.05
2014-04-15,15.61,79.8,2.63,1300.0,103.75
2014-04-16,14.18,79.8,2.635,1303.1,103.76
2014-04-17,13.36,79.83,2.721,1293.4,104.3
2014-04-18,,79.83,,,
2014-04-20,,,2.719,,
2014-04-21,13.25,79.94,2.715,1288.0,104.37
2014-04-22,13.19,79.91,2.7110000000000003,1280.6,102.13
2014-04-23,13.27,79.86,2.693,1284.2,101.44
2014-04-24,13.32,79.8,2.682,1290.5,101.94
2014-04-25,14.06,79.75,2.6660000000000004,1300.7,100.6
2014-04-27,,,2.673,,
2014-04-28,13.97,79.68,2.708,1298.9,100.84
2014-04-29,13.71,79.81,2.697,1296.0,101.28
2014-04-30,13.41,79.47,2.6460000000000004,1295.6,99.74
2014-05-01,13.25,79.53,2.613,1283.1,99.42
2014-05-02,12.91,79.52,2.5860000000000003,1302.6,99.76
2014-05-04,,,2.5860000000000003,,
2014-05-05,13.29,79.49,2.6060000000000003,1309.0,99.48
2014-05-06,13.8,79.09,2.593,1308.3,99.5
2014-05-07,13.4,79.2,2.59,1288.6,100.77
2014-05-08,13.43,79.36,2.611,1287.4,100.26
2014-05-09,12.92,79.9,2.623,1287.3,99.99
2014-05-11,,,2.6319999999999997,,
2014-05-12,12.23,79.9,2.661,1295.6,100.59
2014-05-13,12.13,80.14,2.611,1294.6,101.7
2014-05-14,12.17,80.07,2.548,1305.7,102.37
2014-05-15,13.17,80.0,2.496,1293.5,101.5
2014-05-16,12.44,80.04,2.523,1293.3,102.02
2014-05-18,,,2.521,,
2014-05-19,12.42,79.99,2.545,1293.7,102.61
2014-05-20,12.96,80.04,2.5140000000000002,1294.5,102.44
2014-05-21,11.91,80.09,2.5340000000000003,1288.0,104.07
2014-05-22,12.03,80.25,2.5540000000000003,1294.9,103.74
2014-05-23,11.36,80.39,2.536,1291.6,104.35
2014-05-25,,,2.536,1291.7,
2014-05-26,,80.39,2.541,1292.5,104.28
2014-05-27,11.51,80.35,2.5180000000000002,1265.4,104.11
2014-05-28,11.68,80.57,2.445,1259.3,102.72
2014-05-29,11.57,80.49,2.47,1256.3,103.58
2014-05-30,11.4,80.37,2.475,1245.6,102.71
2014-06-01,,,2.4819999999999998,,
2014-06-02,11.58,80.64,2.5269999999999997,1243.7,102.47
2014-06-03,11.87,80.55,2.5989999999999998,1244.3,102.66
2014-06-04,12.08,80.66,2.6060000000000003,1244.0,102.64
2014-06-05,11.68,80.37,2.5839999999999996,1253.0,102.48
2014-06-06,10.73,80.41,2.597,1252.1,102.66
2014-06-08,,,2.593,,
2014-06-09,11.15,80.65,2.608,1253.5,104.41
2014-06-10,10.99,80.82,2.64,1259.8,104.35
2014-06-11,11.6,80.77,2.64,1260.8,104.4
2014-06-12,12.56,80.58,2.597,1273.6,106.53
2014-06-13,12.18,80.58,2.608,1273.7,106.91
2014-06-15,,,2.602,,
2014-06-16,12.65,80.47,2.597,1274.9,106.9
2014-06-17,12.06,80.63,2.653,1271.7,106.36
2014-06-18,10.61,80.58,2.59,1272.4,105.97
2014-06-19,10.62,80.32,2.6210000000000004,1313.7,106.43
2014-06-20,10.85,80.37,2.608,1316.2,107.26
2014-06-22,,,2.612,,
2014-06-23,10.98,80.27,2.6260000000000003,1318.0,106.17
2014-06-24,12.13,80.33,2.577,1320.9,106.03
2014-06-25,11.59,80.22,2.5610000000000004,1322.2,106.5
2014-06-26,11.63,80.22,2.532,1316.1,105.84
2014-06-27,11.26,80.02,2.536,1319.0,105.74
2014-06-29,,,2.53,,
2014-06-30,11.57,79.78,2.532,1475.1,105.37
2014-07-01,11.15,79.81,2.5669999999999997,1480.2,105.34
2014-07-02,10.82,79.96,2.628,1484.8,104.48
2014-07-03,10.32,80.21,2.641,1475.6,104.06
2014-07-04,,80.27,,1321.3,103.76
2014-07-06,,,2.658,,
2014-07-07,11.33,80.22,2.614,1472.0,103.53
2014-07-08,11.98,80.18,2.559,1471.4,103.4
2014-07-09,11.65,79.99,2.556,1479.7,102.29
2014-07-10,12.59,80.13,2.5380000000000003,1494.7,102.93
2014-07-11,12.08,80.19,2.516,1492.9,100.83
2014-07-12,,,2.516,,
2014-07-13,,,2.523,,
2014-07-14,11.82,80.19,2.5469999999999997,1460.7,100.91
2014-07-15,11.96,80.39,2.552,1451.3,99.96
2014-07-16,11.0,80.56,2.53,1454.9,101.2
2014-07-17,14.54,80.5,2.4419999999999997,1472.1,103.19
2014-07-18,12.06,80.52,2.4819999999999998,1464.7,103.13
2014-07-20,,,2.4819999999999998,,
2014-07-21,12.81,80.56,2.469,1469.6,104.59
2014-07-22,12.24,80.78,2.4659999999999997,1461.6,104.42
2014-07-23,11.52,80.82,2.469,1460.3,103.12
2014-07-24,11.84,80.87,2.502,1447.3,102.07
2014-07-25,12.69,81.03,2.467,1460.3,102.09
2014-07-27,,,2.469,,
2014-07-28,12.56,81.03,2.487,1462.0,101.67
2014-07-29,13.28,81.21,2.4619999999999997,1456.7,100.97
2014-07-30,13.33,81.43,2.56,1456.1,100.27
2014-07-31,16.95,81.46,2.562,1441.5,98.17
2014-08-01,17.03,81.3,2.494,1451.1,97.88
2014-08-02,,,2.494,,
2014-08-03,,,2.5,,
2014-08-04,15.12,81.33,2.485,1441.9,98.29
2014-08-05,16.87,81.33,2.489,1439.0,97.38
2014-08-06,16.37,81.44,2.469,1462.7,96.92
2014-08-07,16.66,81.52,2.4090000000000003,1467.3,97.34
2014-08-08,15.77,81.45,2.4219999999999997,1465.9,97.65
2014-08-10,,,2.431,,
2014-08-11,14.23,81.47,2.4290000000000003,1465.5,98.08
2014-08-12,14.13,81.5,2.449,1465.3,97.37
2014-08-13,12.9,81.6,2.42,1467.9,97.59
2014-08-14,12.42,81.59,2.403,1469.1,95.58
2014-08-15,13.15,81.42,2.3409999999999997,1459.4,97.35
2014-08-17,,,2.3569999999999998,,
2014-08-18,12.32,81.58,2.394,1452.8,96.41
2014-08-19,12.21,81.88,2.403,1449.0,94.48
2014-08-20,11.78,82.23,2.428,1449.0,96.07
2014-08-21,11.76,82.15,2.4090000000000003,1429.2,93.96
2014-08-22,11.47,82.34,2.403,1434.1,93.65
2014-08-24,,,2.41,,
2014-08-25,11.7,82.55,2.384,1433.1,93.35
2014-08-26,11.63,82.65,2.398,1439.3,93.86
2014-08-27,11.78,82.43,2.3609999999999998,1436.9,93.88
2014-08-28,12.05,82.48,2.338,1443.8,94.55
2014-08-29,11.98,82.75,2.345,1440.6,95.96
2014-08-31,,,2.345,1287.7,
2014-09-01,,82.75,2.359,1287.4,95.83
2014-09-02,12.25,82.99,2.423,1419.0,92.88
2014-09-03,12.36,82.86,2.398,1425.5,95.54
2014-09-04,12.64,83.82,2.4530000000000003,1422.3,94.45
2014-09-05,12.09,83.74,2.459,1423.2,93.29
2014-09-07,,,2.45,,
2014-09-08,12.66,84.23,2.471,1410.2,92.66
2014-09-09,13.5,84.28,2.502,1404.6,92.75
2014-09-10,12.88,84.28,2.543,1402.0,91.67
2014-09-11,12.8,84.3,2.55,1395.4,92.83
2014-09-12,13.31,84.24,2.609,1387.8,92.27
2014-09-13,,,2.609,,
2014-09-14,,,2.612,,
2014-09-15,14.12,84.26,2.591,1391.3,92.92
2014-09-16,12.73,84.07,2.594,1393.0,94.88
2014-09-17,12.65,84.34,2.622,1392.0,94.42
2014-09-18,12.03,84.32,2.6180000000000003,1383.4,93.07
2014-09-19,12.11,84.73,2.5780000000000003,1373.1,92.41
2014-09-21,,,2.571,,
2014-09-22,13.69,84.75,2.5660000000000003,1374.2,91.52
2014-09-23,14.93,84.66,2.5269999999999997,1377.2,91.56
2014-09-24,13.27,85.04,2.5660000000000003,1374.9,92.8
2014-09-25,15.64,85.19,2.504,1376.4,92.53
2014-09-26,14.85,85.64,2.528,1370.4,93.54
2014-09-27,,,2.528,,
2014-09-28,,,2.526,,
2014-09-29,15.98,85.59,2.479,1373.7,94.57
2014-09-30,16.31,85.94,2.495,1366.7,91.16
2014-10-01,16.71,85.97,2.3890000000000002,1370.2,90.73
2014-10-02,16.16,85.6,2.436,1368.1,91.01
2014-10-03,14.55,86.69,2.436,1346.9,89.74
2014-10-05,,,2.441,,
2014-10-06,15.46,85.93,2.42,1360.7,90.34
2014-10-07,17.2,85.67,2.3409999999999997,1363.6,88.85
2014-10-08,15.11,85.3,2.318,1344.2,87.31
2014-10-09,18.76,85.52,2.327,1358.8,85.77
2014-10-10,21.24,85.91,2.286,1353.7,85.82
2014-10-13,24.64,85.53,2.238,1229.3,85.74
2014-10-14,22.79,85.82,2.197,1359.3,81.84
2014-10-15,26.25,85.15,2.129,1361.3,81.78
2014-10-16,25.2,84.95,2.151,1357.5,82.7
2014-10-17,21.99,85.11,2.199,1358.5,82.75
2014-10-19,,,2.22,,
2014-10-20,18.57,84.95,2.193,1364.3,82.71
2014-10-21,16.08,85.3,2.227,1371.8,82.81
2014-10-22,17.87,85.74,2.22,1366.6,80.52
2014-10-23,16.53,85.84,2.2769999999999997,1352.1,82.09
2014-10-24,16.11,85.73,2.266,1355.0,81.01
2014-10-26,,,2.285,,
2014-10-27,16.04,85.5,2.259,1352.4,81.0
2014-10-28,14.39,85.41,2.3,1352.6,81.42
2014-10-29,15.15,85.95,2.3209999999999997,1349.2,82.2
2014-10-30,14.52,86.15,2.3080000000000003,1322.9,81.12
2014-10-31,14.03,86.92,2.335,1295.9,80.54
2014-11-02,,,2.335,,
2014-11-03,14.73,87.31,2.346,1294.4,78.78
2014-11-04,14.89,86.98,2.335,1290.3,77.19
2014-11-05,14.17,87.44,2.346,1268.1,78.68
2014-11-06,13.67,88.01,2.3819999999999997,1264.4,77.91
2014-11-07,13.12,87.64,2.301,1291.0,78.65
2014-11-09,,,2.306,,
2014-11-10,12.67,87.81,2.36,1281.3,77.4
2014-11-11,12.92,87.53,2.371,1285.1,77.94
2014-11-12,13.02,87.82,2.373,1280.4,77.18
2014-11-13,13.79,87.67,2.345,1281.4,74.21
2014-11-14,13.31,87.53,2.319,1305.6,75.82
2014-11-16,,,2.312,,
2014-11-17,13.99,87.93,2.34,1303.7,75.64
2014-11-18,13.86,87.58,2.3169999999999997,1315.5,74.61
2014-11-19,13.96,87.65,2.358,1313.4,74.58
2014-11-20,13.58,87.59,2.338,1308.9,75.58
2014-11-21,12.9,88.31,2.312,1315.9,76.51
2014-11-23,,,2.312,,
2014-11-24,12.62,88.15,2.305,1314.2,75.78
2014-11-25,12.25,87.92,2.259,1315.2,74.09
2014-11-26,12.07,87.61,2.245,1314.5,73.69
2014-11-27,,87.61,2.215,1188.8,68.55
2014-11-28,13.33,88.36,2.173,1291.2,66.15
2014-11-30,,,2.176,,
2014-12-01,14.29,87.95,2.2359999999999998,1332.5,69.0
2014-12-02,12.85,88.65,2.294,1314.7,66.88
2014-12-03,12.47,88.96,2.282,1325.8,67.38
2014-12-04,12.38,88.7,2.2359999999999998,1324.2,66.81
2014-12-05,11.82,89.33,2.307,1310.8,65.84
2014-12-07,,,2.312,,
2014-12-08,14.21,89.04,2.259,1314.4,63.05
2014-12-09,14.89,88.69,2.213,1350.2,63.82
2014-12-10,18.53,88.27,2.173,1345.5,60.94
2014-12-11,20.08,88.66,2.169,1342.3,59.95
2014-12-12,21.08,88.36,2.083,1333.5,57.81
2014-12-14,,,2.08,,
2014-12-15,20.42,88.46,2.115,1317.7,55.91
2014-12-16,23.57,88.12,2.061,1302.0,55.93
2014-12-17,19.44,89.13,2.136,1302.3,56.47
2014-12-18,16.81,89.23,2.208,1303.9,54.11
2014-12-19,16.49,89.6,2.16,1305.6,56.52
2014-12-21,,,2.167,,
2014-12-22,15.25,89.77,2.156,1289.7,55.26
2014-12-23,14.8,90.06,2.269,1289.7,57.12
2014-12-24,14.37,89.97,2.2640000000000002,1285.6,55.84
2014-12-25,,89.97,2.255,1177.0,55.92
2014-12-26,14.5,90.03,2.252,1307.7,54.73
2014-12-28,,,2.248,,
2014-12-29,15.06,90.19,2.204,1292.9,53.61
2014-12-30,15.92,89.99,2.1919999999999997,1311.9,54.12
2014-12-31,19.2,90.27,2.17,1335.4,53.27
2015-01-01,,90.27,2.17,1186.8,54.56
2015-01-02,17.79,91.08,2.114,1337.7,52.69
2015-01-04,,,2.102,,
2015-01-05,19.92,91.38,2.0340000000000003,1353.5,50.04
2015-01-06,21.12,91.5,1.9380000000000002,1362.2,47.93
2015-01-07,19.31,91.89,1.969,1353.6,48.65
2015-01-08,17.01,92.37,2.0180000000000002,1351.6,48.79
2015-01-09,17.55,91.94,1.95,1357.4,48.36
2015-01-11,,,1.95,,
2015-01-12,19.6,91.98,1.909,1373.2,46.07
2015-01-13,20.56,92.31,1.905,1374.5,45.89
2015-01-14,21.48,92.16,1.855,1364.5,48.48
2015-01-15,22.39,92.35,1.7280000000000002,1392.8,46.25
2015-01-16,20.95,92.52,1.831,1404.9,48.69
2015-01-18,,,,1279.0,48.85
2015-01-19,,92.52,1.8,1275.9,47.78
2015-01-20,19.89,93.05,1.791,1412.4,46.39
2015-01-21,18.85,92.9,1.875,1413.4,47.78
2015-01-22,16.4,94.08,1.8719999999999999,1425.2,46.31
2015-01-23,16.66,94.76,1.7890000000000001,1417.6,45.59
2015-01-25,,,1.7690000000000001,,
2015-01-26,15.52,94.8,1.828,1405.6,45.15
2015-01-27,17.22,94.02,1.828,1414.7,46.23
2015-01-28,20.44,94.47,1.719,1402.2,44.45
2015-01-29,18.76,94.78,1.756,1363.8,44.53
2015-01-30,20.97,94.8,1.639,1384.6,48.24
2015-02-01,,,1.653,,
2015-02-02,19.43,94.5,1.6740000000000002,1382.4,49.57
2015-02-03,17.33,93.6,1.798,1367.3,53.05
2015-02-04,18.33,93.99,1.7469999999999999,1373.4,48.45
2015-02-05,16.85,93.57,1.817,1354.9,50.48
2015-02-06,17.29,95.85,1.9580000000000002,1332.6,51.69
2015-02-08,,,1.9409999999999998,,
2015-02-09,18.55,94.45,1.9780000000000002,1339.9,52.86
2015-02-10,17.23,94.76,2.004,1331.2,50.02
2015-02-11,16.96,94.98,2.021,1319.2,48.84
2015-02-12,15.34,94.09,1.9880000000000002,1318.7,51.21
2015-02-13,14.69,94.2,2.0469999999999997,1325.2,52.78
2015-02-15,,,,1228.8,54.06
2015-02-16,,94.2,2.019,1231.7,53.61
2015-02-17,15.8,94.06,2.145,1309.9,53.53
2015-02-18,15.45,94.2,2.085,1301.5,52.14
2015-02-19,15.29,94.4,2.122,1306.9,51.16
2015-02-20,14.3,94.34,2.115,1303.2,50.34
2015-02-22,,,2.115,,
2015-02-23,14.56,94.57,2.061,1298.7,49.45
2015-02-24,13.69,94.49,1.972,1293.1,49.28
2015-02-25,13.84,94.21,1.972,1296.0,50.99
2015-02-26,13.91,95.29,2.031,1306.1,48.17
2015-02-27,13.34,95.32,1.996,1309.4,49.76
2015-03-01,,,2.005,,
2015-03-02,13.04,95.46,2.089,1305.8,49.59
2015-03-03,13.86,95.38,2.122,1304.2,50.52
2015-03-04,14.23,95.97,2.119,1300.6,51.53
2015-03-05,14.04,96.38,2.117,1296.1,50.76
2015-03-06,15.2,97.61,2.247,1265.6,49.61
2015-03-08,,,2.25,,
2015-03-09,15.06,97.59,2.1919999999999997,1268.0,50.0
2015-03-10,16.69,98.62,2.121,1258.1,48.29
2015-03-11,16.87,99.8,2.109,1248.4,48.17
2015-03-12,15.42,99.44,2.11,1249.0,47.05
2015-03-13,16.0,100.33,2.1180000000000003,1248.9,44.84
2015-03-15,,,2.105,,
2015-03-16,15.61,99.6,2.074,1249.3,43.88
2015-03-17,15.66,99.58,2.052,1244.5,43.46
2015-03-18,13.97,98.55,1.9180000000000001,1247.5,44.66
2015-03-19,14.07,99.26,1.97,1259.5,43.96
2015-03-20,13.02,97.91,1.932,1274.7,45.72
2015-03-22,,,1.925,,
2015-03-23,13.41,97.03,1.909,1277.5,47.45
2015-03-24,13.62,97.19,1.8730000000000002,1281.2,47.51
2015-03-25,15.44,96.98,1.9269999999999998,1287.3,49.21
2015-03-26,15.8,97.44,1.996,1297.0,51.43
2015-03-27,15.07,97.29,1.96,1291.9,48.87
2015-03-29,,,1.956,,
2015-03-30,14.51,97.97,1.953,1276.4,48.68
2015-03-31,15.29,98.36,1.9269999999999998,1272.2,47.6
2015-04-01,15.11,98.19,1.859,1294.2,50.09
2015-04-02,14.67,97.44,1.913,1288.2,49.14
2015-04-03,,96.55,1.8419999999999999,1288.2,49.14
2015-04-05,,,1.8330000000000002,,
2015-04-06,14.74,96.78,1.899,1305.4,52.14
2015-04-07,14.78,97.83,1.8869999999999998,1298.4,53.98
2015-04-08,13.98,97.94,1.906,1291.1,50.42
2015-04-09,13.09,99.16,1.963,1281.6,50.79
2015-04-10,12.58,99.34,1.949,1293.3,51.64
2015-04-12,,,1.9509999999999998,,
2015-04-13,13.94,99.49,1.93,1287.8,51.91
2015-04-14,13.67,98.73,1.9,1278.1,53.29
2015-04-15,12.84,98.32,1.89,1286.5,56.39
2015-04-16,12.6,97.42,1.895,1283.0,56.71
2015-04-17,13.89,97.52,1.865,1288.1,55.74
2015-04-19,,,1.87,,
2015-04-20,13.3,97.94,1.886,1279.3,56.38
2015-04-21,13.25,98.0,1.911,1289.1,55.26
2015-04-22,12.71,97.93,1.982,1274.7,56.16
2015-04-23,12.48,97.28,1.954,1282.0,57.74
2015-04-24,12.29,96.92,1.9140000000000001,1260.4,57.15
2015-04-26,,,1.909,,
2015-04-27,13.12,96.77,1.926,1289.2,56.99
2015-04-28,12.41,96.09,2.003,1301.4,57.06
2015-04-29,13.39,95.21,2.046,1300.0,58.58
2015-04-30,14.55,94.6,2.035,1273.0,59.63
2015-05-01,12.7,95.3,2.112,1266.1,59.15
2015-05-03,,,2.112,,
2015-05-04,12.85,95.48,2.146,1279.0,58.93
2015-05-05,14.31,95.08,2.182,1288.2,60.4
2015-05-06,15.15,94.09,2.252,1286.7,60.93
2015-05-07,15.13,94.64,2.178,1278.5,58.94
2015-05-08,12.86,94.79,2.142,1282.5,59.39
2015-05-10,,,2.1390000000000002,,
2015-05-11,13.85,95.01,2.287,1277.3,59.25
2015-05-12,13.86,94.53,2.247,1287.0,60.75
2015-05-13,13.76,93.62,2.295,1312.2,60.5
2015-05-14,12.74,93.46,2.235,1319.0,59.88
2015-05-15,12.38,93.14,2.148,1318.9,59.69
2015-05-17,,,2.153,,
2015-05-18,12.73,94.22,2.234,1321.2,59.43
2015-05-19,12.85,95.27,2.29,1301.4,57.26
2015-05-20,12.88,95.45,2.2569999999999997,1303.5,58.98
2015-05-21,12.11,95.25,2.195,1298.1,60.72
2015-05-22,12.13,96.11,2.215,1299.7,59.72
2015-05-24,,,,1204.4,59.92
2015-05-25,,96.01,2.204,1207.4,59.85
2015-05-26,14.06,97.3,2.142,1282.2,58.03
2015-05-27,13.27,97.37,2.13,1278.6,57.51
2015-05-28,13.31,96.97,2.135,1280.5,57.68
2015-05-29,13.84,96.91,2.123,1280.7,60.3
2015-05-30,,,2.123,,
2015-05-31,,,2.128,,
2015-06-01,13.97,97.39,2.1830000000000003,1280.4,60.2
2015-06-02,14.24,95.83,2.266,1287.8,61.26
2015-06-03,13.66,95.47,2.3609999999999998,1279.9,59.64
2015-06-04,14.71,95.46,2.309,1270.1,58.0
2015-06-05,14.21,96.31,2.4090000000000003,1266.6,59.13
2015-06-07,,,2.4130000000000003,,
2015-06-08,15.29,95.3,2.3819999999999997,1272.0,58.14
2015-06-09,14.47,95.17,2.4419999999999997,1276.8,60.14
2015-06-10,13.22,94.65,2.4859999999999998,1288.6,61.43
2015-06-11,12.85,94.98,2.381,1282.6,60.77
2015-06-12,13.78,94.97,2.39,1281.0,59.96
2015-06-14,,,2.35,,
2015-06-15,15.39,94.81,2.36,1285.8,59.52
2015-06-16,14.81,95.0,2.309,1279.4,59.97
2015-06-17,14.5,94.3,2.32,1276.9,59.92
2015-06-18,13.19,94.04,2.334,1300.8,60.45
2015-06-19,13.96,94.08,2.261,1299.4,59.61
2015-06-21,,,2.2880000000000003,,
2015-06-22,12.74,94.33,2.374,1282.1,59.68
2015-06-23,12.11,95.43,2.414,1274.8,61.01
2015-06-24,13.26,95.26,2.373,1271.0,60.27
2015-06-25,14.01,95.19,2.412,1270.3,59.7
2015-06-26,14.02,95.47,2.474,1273.1,59.63
2015-06-28,,,2.3040000000000003,,
2015-06-29,18.85,94.79,2.3280000000000003,1278.0,58.33
2015-06-30,18.23,95.48,2.349,1270.8,59.47
2015-07-01,16.09,96.31,2.427,1268.5,56.96
2015-07-02,16.79,96.11,2.386,1261.5,56.93
2015-07-03,,96.11,,1167.8,55.52
2015-07-05,,,2.272,,
2015-07-06,17.01,96.3,2.29,1270.6,52.53
2015-07-07,16.09,96.86,2.255,1249.5,52.33
2015-07-08,19.66,96.29,2.197,1258.6,51.65
2015-07-09,19.97,96.61,2.3169999999999997,1255.1,52.78
2015-07-10,16.83,96.03,2.401,1256.6,52.74
2015-07-12,,,2.39,,
2015-07-13,13.9,96.86,2.4459999999999997,1255.0,52.2
2015-07-14,13.37,96.64,2.397,1252.4,53.04
2015-07-15,13.23,97.17,2.356,1246.3,51.41
2015-07-16,12.11,97.67,2.356,1243.2,50.91
2015-07-17,11.95,97.86,2.347,1230.7,50.89
2015-07-18,,,2.347,,
2015-07-19,,,2.347,,
2015-07-20,12.25,98.03,2.38,1205.5,50.15
2015-07-21,12.22,97.33,2.331,1199.5,50.36
2015-07-22,12.12,97.6,2.327,1187.6,49.19
2015-07-23,12.64,97.11,2.269,1190.1,48.45
2015-07-24,13.74,97.24,2.262,1180.0,48.14
2015-07-26,,,2.262,,
2015-07-27,15.6,96.5,2.2159999999999997,1190.6,47.39
2015-07-28,13.44,96.77,2.25,1190.6,47.98
2015-07-29,12.5,96.98,2.289,1187.5,48.79
2015-07-30,12.13,97.56,2.2569999999999997,1183.4,48.52
2015-07-31,12.12,97.34,2.187,1183.1,47.12
2015-08-02,,,2.198,,
2015-08-03,12.56,97.49,2.15,1176.8,45.17
2015-08-04,13.0,97.93,2.2230000000000003,1178.7,45.74
2015-08-05,12.51,97.96,2.27,1177.1,45.15
2015-08-06,13.77,97.83,2.227,1181.6,44.66
2015-08-07,13.39,97.56,2.166,1185.8,43.87
2015-08-09,,,2.175,,
2015-08-10,12.23,97.16,2.2319999999999998,1195.8,44.96
2015-08-11,13.71,97.29,2.1430000000000002,1197.7,43.08
2015-08-12,13.61,96.26,2.148,1213.0,43.3
2015-08-13,13.49,96.44,2.189,1205.1,42.23
2015-08-14,12.83,96.52,2.201,1202.3,42.5
2015-08-16,,,2.1959999999999997,,
2015-08-17,13.02,96.81,2.17,1207.9,41.87
2015-08-18,13.79,97.04,2.1919999999999997,1206.3,42.62
2015-08-19,15.25,96.36,2.129,1217.1,40.8
2015-08-20,19.14,95.98,2.073,1242.2,41.14
2015-08-21,28.03,95.01,2.045,1246.8,40.45
2015-08-23,,,2.031,,
2015-08-24,40.74,93.33,2.012,1238.9,38.24
2015-08-25,36.02,94.53,2.0780000000000003,1223.7,39.31
2015-08-26,30.32,95.1,2.18,1209.0,38.6
2015-08-27,26.1,95.61,2.191,1207.2,42.56
2015-08-28,26.05,96.11,2.184,1218.4,45.22
2015-08-30,,,2.195,,
2015-08-31,28.43,95.82,2.214,1216.9,49.2
2015-09-01,31.4,95.45,2.1590000000000003,1221.3,45.41
2015-09-02,26.09,95.83,2.188,1214.4,46.25
2015-09-03,25.61,96.41,2.1630000000000003,1203.5,46.75
2015-09-04,27.8,96.23,2.131,1200.5,46.05
2015-09-06,,,,1119.9,45.72
2015-09-07,,96.23,2.151,1119.9,44.7
2015-09-08,24.9,95.98,2.186,1199.9,45.94
2015-09-09,26.23,96.01,2.195,1180.7,44.15
2015-09-10,24.37,95.46,2.227,1187.9,45.92
2015-09-11,23.2,95.19,2.187,1181.9,44.63
2015-09-13,,,2.2030000000000003,,
2015-09-14,24.25,95.25,2.1830000000000003,1185.7,44.0
2015-09-15,22.54,95.61,2.292,1180.5,44.59
2015-09-16,21.35,95.42,2.296,1196.3,47.15
2015-09-17,21.14,94.55,2.1919999999999997,1194.9,46.9
2015-09-18,22.28,94.86,2.134,1214.1,44.68
2015-09-20,,,2.134,,
2015-09-21,20.14,95.89,2.199,1209.4,46.68
2015-09-22,22.44,96.28,2.1319999999999997,1199.6,45.83
2015-09-23,22.13,96.07,2.151,1206.3,44.48
2015-09-24,23.47,96.69,2.128,1226.9,44.91
2015-09-25,23.62,96.27,2.166,1218.8,45.7
2015-09-27,,,2.157,,
2015-09-28,27.63,96.03,2.0980000000000003,1204.4,44.43
2015-09-29,26.83,95.86,2.06,1199.1,45.23
2015-09-30,24.5,96.35,2.035,1183.6,45.09
2015-10-01,22.55,96.19,2.042,1182.1,44.74
2015-10-02,20.94,95.83,1.9909999999999999,1204.2,45.54
2015-10-03,,,1.9909999999999999,,
2015-10-04,,,1.984,,
2015-10-05,19.54,96.11,2.0580000000000003,1203.5,46.26
2015-10-06,19.4,95.45,2.035,1211.3,48.53
2015-10-07,18.4,95.5,2.065,1214.0,47.81
2015-10-08,17.42,95.32,2.102,1209.9,49.43
2015-10-09,17.08,94.81,2.09,1222.4,49.63
2015-10-12,16.17,94.84,2.07,1231.1,47.1
2015-10-13,17.67,94.76,2.042,1231.7,46.66
2015-10-14,18.03,93.93,1.975,1243.6,46.64
2015-10-15,16.05,94.37,2.019,1251.4,46.38
2015-10-16,15.05,94.54,2.035,1246.6,47.26
2015-10-18,,,2.024,,
2015-10-19,14.98,94.93,2.023,1236.3,45.89
2015-10-20,15.75,94.91,2.069,1240.9,45.55
2015-10-21,16.7,95.03,2.028,1229.7,45.2
2015-10-22,14.45,96.38,2.028,1228.2,45.38
2015-10-23,14.46,97.13,2.0869999999999997,1218.7,44.6
2015-10-25,,,2.083,,
2015-10-26,15.29,96.86,2.0580000000000003,1220.3,43.98
2015-10-27,15.43,96.91,2.037,1218.2,43.2
2015-10-28,14.33,97.78,2.101,1229.3,45.94
2015-10-29,14.61,97.28,2.1719999999999997,1201.8,46.06
2015-10-30,15.07,96.95,2.146,1195.2,46.59
2015-11-01,,,2.135,,
2015-11-02,14.15,96.93,2.176,1190.4,46.14
2015-11-03,14.54,97.16,2.218,1168.6,47.9
2015-11-04,15.51,97.95,2.227,1161.2,46.32
2015-11-05,15.05,97.94,2.2359999999999998,1160.1,45.2
2015-11-06,14.33,99.17,2.325,1147.9,44.29
2015-11-08,,,2.327,,
2015-11-09,16.52,98.98,2.349,1149.2,43.87
2015-11-10,15.29,99.29,2.336,1149.4,44.21
2015-11-11,16.06,99.01,2.331,1145.4,42.93
2015-11-12,18.37,98.65,2.315,1141.3,41.75
2015-11-13,20.08,99.0,2.275,1141.3,40.74
2015-11-15,,,2.2430000000000003,,
2015-11-16,18.16,99.44,2.271,1142.5,41.74
2015-11-17,18.84,99.63,2.2680000000000002,1126.9,40.67
2015-11-18,16.85,99.65,2.273,1126.9,40.75
2015-11-19,16.99,98.99,2.247,1135.6,40.54
2015-11-20,15.47,99.56,2.2640000000000002,1133.8,40.39
2015-11-22,,,2.2640000000000002,,
2015-11-23,15.62,99.8,2.2430000000000003,1124.7,41.75
2015-11-24,15.93,99.53,2.239,1131.6,42.87
2015-11-25,15.19,99.8,2.234,1128.4,43.04
2015-11-26,,99.8,2.224,1070.8,42.59
2015-11-27,15.12,100.02,2.222,1114.5,41.71
2015-11-29,,,2.217,,
2015-11-30,16.13,100.17,2.208,1123.9,41.65
2015-12-01,14.67,99.8,2.145,1122.0,41.85
2015-12-02,15.91,99.99,2.178,1112.4,39.94
2015-12-03,18.11,97.62,2.3209999999999997,1120.6,41.08
2015-12-04,14.81,98.35,2.273,1143.2,39.97
2015-12-06,,,2.285,,
2015-12-07,15.84,98.66,2.2359999999999998,1134.3,37.65
2015-12-08,17.6,98.47,2.222,1134.0,37.51
2015-12-09,19.61,97.34,2.211,1134.9,37.16
2015-12-10,19.34,97.94,2.234,1130.3,36.76
2015-12-11,24.39,97.56,2.1319999999999997,1133.8,35.62
2015-12-13,,,2.148,,
2015-12-14,22.73,97.6,2.225,1121.4,36.31
2015-12-15,20.95,98.22,2.2680000000000002,1119.8,37.35
2015-12-16,17.86,97.87,2.298,1135.3,35.52
2015-12-17,18.94,99.27,2.225,1108.1,34.95
2015-12-18,20.7,98.7,2.204,1123.3,34.73
2015-12-20,,,2.202,,
2015-12-21,18.7,98.36,2.195,1140.5,34.74
2015-12-22,16.6,98.23,2.237,1134.0,36.14
2015-12-23,15.57,98.34,2.259,1128.2,37.5
2015-12-24,15.74,97.98,2.245,1135.9,38.1
2015-12-25,,97.98,,,
2015-12-27,,,2.255,,
2015-12-28,16.91,97.92,2.2319999999999998,1128.1,36.81
2015-12-29,16.08,98.1,2.3080000000000003,1128.6,37.87
2015-12-30,17.29,98.27,2.294,1120.8,36.6
2015-12-31,18.21,98.63,2.269,1121.0,37.04
2016-01-01,,98.63,,,
2016-01-03,,,2.291,,
2016-01-04,20.7,98.87,2.2430000000000003,1135.5,36.76
2016-01-05,19.34,99.4,2.239,1138.4,35.97
2016-01-06,20.59,99.18,2.17,1151.9,33.97
2016-01-07,24.99,98.22,2.149,1162.7,33.27
2016-01-08,27.01,98.54,2.116,1151.7,33.16
2016-01-10,,,2.116,,
2016-01-11,24.3,98.72,2.175,1148.5,31.41
2016-01-12,22.47,98.97,2.105,1137.1,30.44
2016-01-13,25.22,98.93,2.0909999999999997,1137.4,30.48
2016-01-14,23.95,99.09,2.0909999999999997,1123.0,31.2
2016-01-15,27.02,98.96,2.037,1137.5,29.42
2016-01-17,,,,1090.3,29.75
2016-01-18,,98.96,2.045,1088.5,30.02
2016-01-19,26.05,98.99,2.056,1135.8,28.46
2016-01-20,27.59,99.09,1.9880000000000002,1151.7,26.55
2016-01-21,26.69,99.06,2.028,1143.6,29.53
2016-01-22,22.34,99.57,2.057,1142.6,32.19
2016-01-24,,,2.059,,
2016-01-25,24.15,99.36,2.006,1152.4,30.34
2016-01-26,22.5,99.36,2.003,1167.3,31.45
2016-01-27,23.11,98.9,2.003,1163.9,32.3
2016-01-28,22.42,98.51,1.982,1163.7,33.22
2016-01-29,20.2,99.61,1.923,1161.9,33.62
2016-01-31,,,1.933,,
2016-02-01,19.98,99.01,1.95,1173.5,31.62
2016-02-02,21.98,98.87,1.8519999999999999,1170.1,29.88
2016-02-03,21.65,97.29,1.883,1183.3,32.28
2016-02-04,21.84,96.47,1.8459999999999999,1197.7,31.72
2016-02-05,23.38,97.03,1.8430000000000002,1198.0,30.89
2016-02-07,,,1.8530000000000002,,
2016-02-08,26.0,96.57,1.7480000000000002,1238.2,29.69
2016-02-09,26.54,96.07,1.7309999999999999,1236.9,27.94
2016-02-10,26.29,95.89,1.673,1232.6,27.45
2016-02-11,28.14,95.56,1.6640000000000001,1282.1,26.21
2016-02-12,25.4,95.94,1.746,1271.2,29.44
2016-02-14,,,1.746,1233.6,29.08
2016-02-15,,95.98,1.7719999999999998,1208.1,30.6
2016-02-16,24.11,96.87,1.7790000000000001,1241.1,29.04
2016-02-17,22.31,96.79,1.8159999999999998,1247.2,30.66
2016-02-18,21.64,96.95,1.7409999999999999,1262.5,30.77
2016-02-19,20.53,96.6,1.743,1267.4,29.64
2016-02-21,,,1.7480000000000002,,
2016-02-22,19.38,97.38,1.755,1246.7,31.48
2016-02-23,20.98,97.48,1.716,1261.4,31.87
2016-02-24,20.72,97.46,1.7519999999999998,1277.1,32.15
2016-02-25,19.11,97.29,1.714,1277.0,33.07
2016-02-26,19.81,98.15,1.764,1258.8,32.78
2016-02-28,,,1.757,,
2016-02-29,20.55,98.21,1.7380000000000002,1273.3,33.75
2016-03-01,17.7,98.35,1.827,1271.2,34.4
2016-03-02,17.09,98.21,1.835,1283.0,34.66
2016-03-03,16.7,97.59,1.835,1300.7,34.57
2016-03-04,16.86,97.34,1.876,1315.6,35.92
2016-03-06,,,1.879,,
2016-03-07,17.35,97.07,1.9040000000000001,1310.3,37.9
2016-03-08,18.67,97.21,1.831,1309.0,36.5
2016-03-09,18.34,97.17,1.88,1303.4,38.29
2016-03-10,18.05,96.07,1.936,1320.1,37.84
2016-03-11,16.5,96.17,1.98,1308.6,38.5
2016-03-13,,,1.9769999999999999,,
2016-03-14,16.92,96.62,1.9609999999999999,1294.4,37.18
2016-03-15,16.84,96.63,1.9680000000000002,1280.2,36.34
2016-03-16,14.99,95.89,1.913,1280.9,38.46
2016-03-17,14.44,94.76,1.8980000000000001,1314.1,40.2
2016-03-18,14.02,95.09,1.8769999999999998,1302.0,39.44
2016-03-20,,,1.8769999999999998,,
2016-03-21,13.79,95.29,1.9169999999999998,1292.7,39.91
2016-03-22,14.17,95.65,1.944,1298.8,41.45
2016-03-23,14.94,96.05,1.879,1274.0,39.79
2016-03-24,14.74,96.14,1.9,1272.4,39.46
2016-03-25,,96.14,,1216.7,
2016-03-27,,,1.9140000000000001,,
2016-03-28,15.24,95.94,1.883,1270.7,39.39
2016-03-29,13.82,95.16,1.804,1286.3,38.28
2016-03-30,13.56,94.84,1.828,1276.9,38.32
2016-03-31,13.95,94.59,1.77,1280.9,38.34
2016-04-01,13.1,94.62,1.774,1268.9,36.79
2016-04-03,,,1.765,,
2016-04-04,14.12,94.51,1.7619999999999998,1264.7,35.7
2016-04-05,15.42,94.63,1.72,1274.5,35.89
2016-04-06,14.09,94.43,1.758,1268.8,37.75
2016-04-07,16.16,94.48,1.6869999999999998,1282.3,37.26
2016-04-08,15.36,94.23,1.7169999999999999,1287.3,39.72
2016-04-10,,,1.732,,
2016-04-11,16.26,93.95,1.722,1302.4,40.36
2016-04-12,14.85,93.96,1.776,1306.4,42.17
2016-04-13,13.84,94.74,1.766,1293.9,41.76
2016-04-14,13.72,94.9,1.7919999999999998,1272.1,41.5
2016-04-15,13.62,94.7,1.7530000000000001,1279.7,40.36
2016-04-17,,,1.726,,
2016-04-18,13.35,94.49,1.771,1280.3,39.78
2016-04-19,13.24,93.98,1.787,1300.8,41.08
2016-04-20,13.28,94.49,1.845,1302.3,42.63
2016-04-21,13.95,94.6,1.865,1299.5,43.18
2016-04-22,13.22,95.12,1.891,1278.8,43.73
2016-04-24,,,1.891,,
2016-04-25,14.08,94.84,1.9140000000000001,1289.1,42.64
2016-04-26,13.96,94.57,1.931,1292.4,44.04
2016-04-27,13.77,94.39,1.8519999999999999,1299.8,45.33
2016-04-28,15.22,93.76,1.824,1316.8,46.03
2016-04-29,15.7,93.08,1.835,1341.4,45.92
2016-05-01,,,1.828,,
2016-05-02,14.68,92.63,1.8719999999999999,1347.3,44.78
2016-05-03,15.6,92.94,1.796,1342.8,43.65
2016-05-04,16.05,93.18,1.777,1324.3,43.78
2016-05-05,15.91,93.78,1.742,1317.8,44.32
2016-05-06,14.72,93.89,1.7790000000000001,1340.1,44.66
2016-05-08,,,1.7890000000000001,,
2016-05-09,14.57,94.13,1.751,1312.9,43.44
2016-05-10,13.63,94.29,1.754,1311.3,44.66
2016-05-11,14.69,93.82,1.735,1322.6,46.23
2016-05-12,14.41,94.15,1.7480000000000002,1317.7,46.7
2016-05-13,15.04,94.61,1.702,1319.5,46.21
2016-05-15,,,1.702,,
2016-05-16,14.68,94.57,1.757,1321.8,47.72
2016-05-17,15.57,94.55,1.7719999999999998,1324.9,48.31
2016-05-18,15.95,95.08,1.859,1324.3,48.19
2016-05-19,16.33,95.29,1.847,1305.9,48.16
2016-05-20,15.2,95.33,1.844,1305.9,47.75
2016-05-22,,,1.837,,
2016-05-23,15.82,95.23,1.835,1304.9,48.08
2016-05-24,14.42,95.57,1.865,1282.7,48.62
2016-05-25,13.9,95.35,1.8719999999999999,1277.4,49.56
2016-05-26,13.43,95.17,1.83,1273.6,49.48
2016-05-27,13.12,95.52,1.851,1267.6,49.33
2016-05-29,,,,,49.58
2016-05-30,,95.52,1.8619999999999999,1212.15,49.51
2016-05-31,14.19,95.89,1.851,1269.3,49.1
2016-06-01,14.2,95.45,1.839,1267.2,49.01
2016-06-02,13.63,95.56,1.7990000000000002,1264.9,49.17
2016-06-03,13.47,94.03,1.702,1294.6,48.62
2016-06-05,,,1.706,,
2016-06-06,13.65,93.9,1.7369999999999999,1299.4,49.69
2016-06-07,14.05,93.83,1.716,1298.8,50.36
2016-06-08,14.08,93.59,1.704,1314.0,51.23
2016-06-09,14.64,93.95,1.682,1324.4,50.56
2016-06-10,17.03,94.57,1.6440000000000001,1327.7,49.07
2016-06-12,,,1.6230000000000002,,
2016-06-13,20.97,94.36,1.6130000000000002,1337.7,48.88
2016-06-14,20.5,94.93,1.6130000000000002,1335.2,48.49
2016-06-15,20.14,94.61,1.575,1335.0,48.01
2016-06-16,19.37,94.57,1.579,1345.6,46.21
2016-06-17,19.41,94.21,1.611,1342.9,47.98
2016-06-19,,,1.656,,
2016-06-20,18.37,93.61,1.6780000000000002,1344.2,49.37
2016-06-21,18.48,94.02,1.709,1324.6,48.85
2016-06-22,21.17,93.72,1.6869999999999998,1322.1,49.13
2016-06-23,17.25,93.53,1.744,1317.7,50.11
2016-06-24,25.76,95.45,1.5619999999999998,1376.8,47.64
2016-06-26,,,1.5090000000000001,,
2016-06-27,23.85,96.54,1.444,1378.8,46.33
2016-06-28,18.75,96.25,1.465,1372.2,47.85
2016-06-29,16.64,95.77,1.517,1381.4,49.88
2016-06-30,15.63,96.14,1.475,1375.0,48.33
2016-07-01,14.77,95.65,1.456,1394.3,48.99
2016-07-03,,,,1345.5,49.01
2016-07-04,,95.65,1.4409999999999998,1352.0,48.65
2016-07-05,15.58,96.17,1.375,1414.4,46.6
2016-07-06,14.96,96.05,1.3730000000000002,1422.8,47.43
2016-07-07,14.76,96.33,1.385,1415.0,45.14
2016-07-08,13.2,96.3,1.358,1412.0,45.41
2016-07-10,,,1.3659999999999999,,
2016-07-11,13.54,96.57,1.43,1411.3,44.76
2016-07-12,13.55,96.44,1.507,1390.7,46.8
2016-07-13,13.04,96.22,1.473,1399.0,44.75
2016-07-14,12.82,96.08,1.537,1387.7,45.68
2016-07-15,12.67,96.58,1.558,1383.5,45.95
2016-07-17,,,1.558,,
2016-07-18,12.44,96.56,1.5819999999999999,1385.4,45.24
2016-07-19,11.97,97.06,1.558,1392.3,44.65
2016-07-20,11.77,97.2,1.58,1379.7,44.94
2016-07-21,12.74,97.0,1.556,1392.2,44.75
2016-07-22,12.02,97.47,1.5659999999999998,1385.5,44.19
2016-07-24,,,1.5730000000000002,,
2016-07-25,12.87,97.29,1.575,1381.3,43.13
2016-07-26,13.05,97.16,1.5630000000000002,1382.6,42.92
2016-07-27,12.83,97.05,1.5030000000000001,1392.0,41.92
2016-07-28,12.72,96.74,1.508,1398.8,41.14
2016-07-29,11.87,95.53,1.45,1415.7,41.6
2016-07-31,,,1.463,,
2016-08-01,12.44,95.71,1.52,1416.2,40.06
2016-08-02,13.37,95.06,1.554,1429.4,39.51
2016-08-03,12.86,95.56,1.545,1423.9,40.83
2016-08-04,12.42,95.76,1.5030000000000001,1427.9,41.93
2016-08-05,11.39,96.19,1.59,1407.9,41.8
2016-08-06,,,1.59,,
2016-08-07,,,1.595,,
2016-08-08,11.5,96.4,1.5919999999999999,1405.3,43.02
2016-08-09,11.66,96.18,1.5490000000000002,1410.6,42.77
2016-08-10,12.05,95.65,1.5130000000000001,1415.6,41.71
2016-08-11,11.68,95.86,1.561,1414.0,43.49
2016-08-12,11.55,95.72,1.51,1406.8,44.49
2016-08-13,,,1.51,,
2016-08-14,,,1.5119999999999998,,
2016-08-15,11.81,95.63,1.558,1410.6,45.74
2016-08-16,12.64,94.79,1.575,1419.0,46.58
2016-08-17,12.19,94.72,1.5490000000000002,1410.6,46.79
2016-08-18,11.43,94.16,1.534,1419.1,48.22
2016-08-19,11.34,94.51,1.58,1408.0,48.52
2016-08-21,,,1.597,,
2016-08-22,12.27,94.52,1.544,1405.2,47.05
2016-08-23,12.38,94.54,1.546,1407.8,48.1
2016-08-24,13.45,94.79,1.5630000000000002,1390.4,46.77
2016-08-25,13.63,94.77,1.578,1384.0,47.33
2016-08-26,13.65,95.57,1.6280000000000001,1383.2,47.64
2016-08-28,,,1.626,,
2016-08-29,12.94,95.58,1.5630000000000002,1384.4,46.98
2016-08-30,13.12,96.05,1.57,1374.5,46.35
2016-08-31,13.42,96.02,1.578,1367.9,44.7
2016-09-01,13.48,95.65,1.568,1372.6,43.16
2016-09-02,11.98,95.84,1.607,1385.3,44.44
2016-09-04,,,,1326.25,44.11
2016-09-05,,95.84,1.609,1331.1,45.07
2016-09-06,12.02,94.82,1.536,1411.1,44.83
2016-09-07,11.94,94.96,1.536,1407.1,45.5
2016-09-08,12.51,95.03,1.601,1400.2,47.62
2016-09-09,17.5,95.34,1.675,1393.1,45.88
2016-09-11,,,1.67,,
2016-09-12,15.16,95.09,1.666,1384.4,46.29
2016-09-13,17.85,95.63,1.729,1380.8,44.9
2016-09-14,18.14,95.33,1.6980000000000002,1383.3,43.58
2016-09-15,16.3,95.29,1.6980000000000002,1374.9,43.91
2016-09-16,15.37,96.11,1.694,1367.1,43.03
2016-09-17,,,1.694,,
2016-09-18,,,1.694,,
2016-09-19,15.53,95.84,1.7069999999999999,1374.4,43.3
2016-09-20,15.92,96.02,1.693,1374.7,43.44
2016-09-21,13.3,95.66,1.655,1388.3,45.34
2016-09-22,12.02,95.45,1.618,1399.2,46.32
2016-09-23,12.29,95.48,1.62,1396.0,44.48
2016-09-24,,,1.62,,
2016-09-25,,,1.615,,
2016-09-26,14.5,95.3,1.584,1398.6,45.93
2016-09-27,13.1,95.44,1.56,1384.4,44.67
2016-09-28,12.39,95.43,1.5719999999999998,1376.7,47.05
2016-09-29,14.02,95.53,1.558,1379.1,47.83
2016-09-30,13.29,95.46,1.598,1370.4,48.24
2016-10-02,,,1.6,,
2016-10-03,13.57,95.69,1.6269999999999998,1365.9,48.81
2016-10-04,13.63,96.17,1.69,1322.1,48.69
2016-10-05,12.99,96.12,1.706,1321.3,49.83
2016-10-06,12.84,96.77,1.739,1305.5,50.44
2016-10-07,13.48,96.63,1.723,1304.5,49.81
2016-10-10,13.38,96.93,1.765,1313.9,51.35
2016-10-11,15.36,97.69,1.767,1309.5,50.79
2016-10-12,15.91,97.97,1.771,1307.7,50.18
2016-10-13,16.69,97.52,1.746,1312.3,50.44
2016-10-14,16.12,98.02,1.805,1310.4,50.35
2016-10-15,,,1.805,,
2016-10-16,,,1.7890000000000001,,
2016-10-17,16.21,97.89,1.768,1311.8,49.94
2016-10-18,15.28,97.89,1.74,1318.6,50.29
2016-10-19,14.41,97.92,1.7469999999999999,1325.2,51.6
2016-10-20,13.75,98.31,1.756,1323.5,50.43
2016-10-21,13.34,98.69,1.736,1323.0,50.85
2016-10-23,,,1.74,,
2016-10-24,13.02,98.76,1.766,1317.2,50.52
2016-10-25,13.46,98.72,1.758,1331.6,49.96
2016-10-26,14.24,98.63,1.791,1324.6,49.18
2016-10-27,15.36,98.89,1.85,1330.0,49.72
2016-10-28,16.19,98.35,1.849,1337.1,48.7
2016-10-30,,,1.841,,
2016-10-31,17.06,98.44,1.8259999999999998,1333.7,46.86
2016-11-01,18.56,97.7,1.827,1348.0,46.67
2016-11-02,19.32,97.4,1.801,1368.0,45.34
2016-11-03,22.08,97.16,1.81,1363.8,44.66
2016-11-04,22.51,97.06,1.778,1365.7,44.07
2016-11-06,,,1.83,,
2016-11-07,18.71,97.78,1.828,1340.4,44.89
2016-11-08,18.74,97.86,1.858,1336.2,44.98
2016-11-09,14.38,98.5,2.068,1335.7,45.27
2016-11-10,14.74,98.78,2.138,1326.6,44.66
2016-11-11,14.17,99.06,,1282.7,43.41
2016-11-13,,,2.173,,
2016-11-14,14.48,100.11,2.254,1286.9,43.32
2016-11-15,13.37,100.23,2.23,1290.9,45.81
2016-11-16,13.72,100.41,2.214,1290.3,45.57
2016-11-17,13.35,100.89,2.2969999999999997,1283.8,45.42
2016-11-18,12.85,101.21,2.3480000000000003,1276.4,45.69
2016-11-20,,,2.353,,
2016-11-21,12.42,101.05,2.314,1276.8,47.49
2016-11-22,12.41,101.04,2.314,1278.0,48.03
2016-11-23,12.43,101.7,2.355,1256.9,47.96
2016-11-24,,101.7,2.3819999999999997,1185.55,47.98
2016-11-25,12.34,101.49,2.359,1245.5,46.06
2016-11-27,,,2.3409999999999997,,
2016-11-28,13.15,101.33,2.312,1258.6,47.08
2016-11-29,12.9,100.93,2.293,1255.5,45.23
2016-11-30,13.33,101.5,2.39,1238.4,49.44
2016-12-01,14.07,101.04,2.454,1233.7,51.06
2016-12-02,14.12,100.77,2.392,1242.4,51.68
2016-12-04,,,2.365,,
2016-12-05,12.14,100.09,2.401,1241.7,51.79
2016-12-06,11.79,100.49,2.392,1235.0,50.93
2016-12-07,12.22,100.23,2.344,1250.6,49.77
2016-12-08,12.64,101.1,2.4090000000000003,1246.4,50.84
2016-12-09,11.75,101.59,2.4659999999999997,1236.0,51.5
2016-12-11,,,2.488,,
2016-12-12,12.64,101.03,2.477,1240.3,52.83
2016-12-13,12.72,101.07,2.4730000000000003,1233.6,52.98
2016-12-14,13.19,101.76,2.5669999999999997,1238.3,51.04
2016-12-15,12.79,103.02,2.6060000000000003,1213.1,50.9
2016-12-16,12.2,102.95,2.5989999999999998,1220.9,51.9
2016-12-18,,,2.582,,
2016-12-19,11.71,103.14,2.544,1225.9,52.12
2016-12-20,11.45,103.29,2.56,1217.0,52.23
2016-12-21,11.27,103.02,2.5380000000000003,1216.5,52.49
2016-12-22,11.43,103.09,2.553,1213.8,52.95
2016-12-23,11.44,103.01,2.543,1216.8,53.02
2016-12-25,,,,1135.0,
2016-12-26,,103.01,2.543,1134.55,53.19
2016-12-27,11.99,103.02,2.5610000000000004,1221.9,53.9
2016-12-28,12.95,103.3,2.512,1224.0,54.06
2016-12-29,13.37,102.68,2.477,1241.2,53.77
2016-12-30,14.04,102.21,2.4459999999999997,1234.5,53.72
2017-01-02,,102.83,2.4459999999999997,1151.05,54.03
2017-01-03,12.85,103.21,2.448,1244.7,52.33
2017-01-04,11.85,102.7,2.441,1247.1,53.26
2017-01-05,11.67,101.52,2.3480000000000003,1262.1,53.76
2017-01-06,11.32,102.22,2.421,1255.7,53.99
2017-01-08,,,2.421,,
2017-01-09,11.56,101.93,2.3680000000000003,1267.6,51.96
2017-01-10,11.49,102.01,2.378,1268.5,50.82
2017-01-11,11.26,101.78,2.37,1280.0,52.25
2017-01-12,11.54,101.35,2.3609999999999998,1283.3,53.01
2017-01-13,11.23,101.18,2.398,1281.3,52.37
2017-01-15,,,,1203.35,52.45
2017-01-16,,101.18,2.378,1202.85,52.52
2017-01-17,11.87,100.33,2.325,1297.4,52.48
2017-01-18,12.48,100.93,2.428,1295.7,51.08
2017-01-19,12.78,101.15,2.47,1285.5,51.37
2017-01-20,11.54,100.74,2.467,1289.2,52.42
2017-01-22,,,2.439,,
2017-01-23,11.77,100.16,2.401,1298.9,52.75
2017-01-24,11.07,100.35,2.465,1294.1,53.18
2017-01-25,10.81,100.03,2.515,1281.1,52.75
2017-01-26,10.63,100.38,2.512,1272.9,53.78
2017-01-27,10.58,100.53,2.4859999999999998,1271.7,53.17
2017-01-29,,,2.479,,
2017-01-30,11.88,100.43,2.49,1276.4,52.63
2017-01-31,11.99,99.51,2.4659999999999997,1291.8,52.81
2017-02-01,11.81,99.64,2.477,1289.5,53.88
2017-02-02,11.93,99.79,2.474,1300.6,53.54
2017-02-03,10.97,99.87,2.467,1302.2,53.83
2017-02-05,,,2.472,,
2017-02-06,11.37,99.91,2.417,1313.3,53.01
2017-02-07,11.29,100.26,2.397,1316.4,52.17
2017-02-08,11.45,100.28,2.34,1318.3,52.34
2017-02-09,10.88,100.65,2.397,1315.4,53.0
2017-02-10,10.85,100.8,2.4090000000000003,1314.5,53.86
2017-02-12,,,2.425,,
2017-02-13,11.07,100.96,2.436,1304.9,52.93
2017-02-14,10.74,101.25,2.472,1304.9,53.2
2017-02-15,11.97,101.18,2.497,1314.2,53.11
2017-02-16,11.76,100.44,2.447,1322.7,53.36
2017-02-17,11.49,100.95,2.42,1319.4,53.4
2017-02-19,,,,1237.3,53.79
2017-02-20,,100.95,2.436,1238.2,53.97
2017-02-21,11.57,101.37,2.431,1319.2,54.06
2017-02-22,11.74,101.22,2.415,1313.3,53.59
2017-02-23,11.71,101.05,2.375,1331.7,54.45
2017-02-24,11.47,101.09,2.315,1338.4,53.99
2017-02-26,,,2.322,,
2017-02-27,12.09,101.13,2.367,1339.1,54.05
2017-02-28,12.92,101.12,2.397,1334.3,54.01
2017-03-01,12.54,101.78,2.458,1331.1,53.83
2017-03-02,11.81,102.2,2.481,1313.9,52.61
2017-03-03,10.96,101.54,2.4819999999999998,1308.8,53.33
2017-03-05,,,2.476,,
2017-03-06,11.24,101.64,2.494,1307.3,53.2
2017-03-07,11.45,101.81,2.5180000000000002,1297.7,53.14
2017-03-08,11.86,102.07,2.56,1291.9,50.28
2017-03-09,12.3,101.85,2.609,1285.7,49.28
2017-03-10,11.66,101.25,2.575,1284.0,48.49
2017-03-12,,,2.582,,
2017-03-13,11.35,101.31,2.6260000000000003,1286.6,48.4
2017-03-14,12.3,101.7,2.602,1286.3,47.72
2017-03-15,11.63,100.74,2.5,1284.3,48.86
2017-03-16,11.21,100.36,2.537,1310.7,48.75
2017-03-17,11.28,100.3,2.5,1313.6,48.78
2017-03-18,,,2.5,,
2017-03-19,,,2.5,,
2017-03-20,11.34,100.41,2.463,1317.2,48.22
2017-03-21,12.47,99.81,2.416,1329.0,47.34
2017-03-22,12.81,99.68,2.403,1331.5,48.04
2017-03-23,13.12,99.76,2.418,1328.5,47.7
2017-03-24,12.96,99.63,2.418,1330.4,47.97
2017-03-26,,,2.384,,
2017-03-27,12.5,99.17,2.378,1337.4,47.73
2017-03-28,11.53,99.71,2.42,1337.5,48.37
2017-03-29,11.42,100.0,2.38,1335.5,49.51
2017-03-30,11.54,100.41,2.421,1326.7,50.35
2017-03-31,12.37,100.35,2.3890000000000002,1329.8,50.6
2017-04-02,,,2.395,,
2017-04-03,12.38,100.54,2.323,1332.7,50.24
2017-04-04,11.79,100.54,2.364,1336.8,51.03
2017-04-05,12.89,100.56,2.339,1327.5,51.15
2017-04-06,12.39,100.67,2.3409999999999997,1332.4,51.7
2017-04-07,12.87,101.18,2.3819999999999997,1336.8,52.24
2017-04-09,,,2.3819999999999997,,
2017-04-10,14.05,101.02,2.366,1333.3,53.08
2017-04-11,15.07,100.71,2.298,1353.4,53.4
2017-04-12,15.77,100.78,2.244,1357.3,53.11
2017-04-13,15.96,100.56,2.2319999999999998,1366.7,53.18
2017-04-14,,100.56,,1289.65,
2017-04-16,,,2.198,,
2017-04-17,14.66,100.29,2.248,1369.8,52.65
2017-04-18,14.42,99.5,2.1719999999999997,1370.9,52.41
2017-04-19,14.93,99.74,2.2159999999999997,1360.5,50.44
2017-04-20,14.15,99.78,2.2359999999999998,1361.7,50.27
2017-04-21,14.63,99.98,2.246,1367.0,49.62
2017-04-22,,,2.246,,
2017-04-24,10.84,99.09,2.273,1355.8,49.23
2017-04-25,10.76,98.78,2.334,1346.0,49.56
2017-04-26,10.85,99.05,2.303,1343.0,49.62
2017-04-27,10.36,99.08,2.3,1344.7,48.97
2017-04-28,10.82,99.05,2.289,1347.1,49.33
2017-04-30,,,2.28,,
2017-05-01,10.11,99.08,2.322,1334.6,48.84
2017-05-02,10.59,98.98,2.287,1336.1,47.66
2017-05-03,10.68,99.21,2.322,1327.6,47.82
2017-05-04,10.46,98.8,2.352,1307.4,45.52
2017-05-05,10.57,98.65,2.351,1305.8,46.22
2017-05-07,,,2.36,,
2017-05-08,9.77,99.06,2.3890000000000002,1306.1,46.43
2017-05-09,9.96,99.66,2.398,1295.1,45.88
2017-05-10,10.21,99.67,2.411,1297.6,47.33
2017-05-11,10.6,99.62,2.3930000000000002,1302.9,47.83
2017-05-12,10.4,99.25,2.326,1305.7,47.84
2017-05-14,,,2.324,,
2017-05-15,10.42,98.91,2.343,1308.0,48.85
2017-05-16,10.65,98.11,2.326,1314.4,48.66
2017-05-17,15.59,97.58,2.2230000000000003,1336.2,49.07
2017-05-18,14.66,97.88,2.228,1329.2,49.35
2017-05-19,12.04,97.14,2.235,1329.9,50.33
2017-05-21,,,2.247,,
2017-05-22,10.93,96.98,2.252,1338.0,50.73
2017-05-23,10.72,97.35,2.282,1332.1,51.47
2017-05-24,10.02,97.24,2.252,1329.7,51.36
2017-05-25,9.99,97.25,2.255,1333.3,48.9
2017-05-26,9.81,97.44,2.25,1344.8,49.8
2017-05-28,,,,1268.22,49.94
2017-05-29,,97.44,2.2430000000000003,1266.69,49.97
2017-05-30,10.38,97.28,2.208,1339.1,49.66
2017-05-31,10.41,96.92,2.206,1348.5,48.32
2017-06-01,9.89,97.2,2.213,1343.2,48.36
2017-06-02,9.75,96.72,2.1590000000000003,1353.1,47.66
2017-06-04,,,2.1590000000000003,,
2017-06-05,10.07,96.8,2.1830000000000003,1355.6,47.4
2017-06-06,10.45,96.64,2.145,1370.0,48.19
2017-06-07,10.39,96.75,2.176,1365.6,45.72
2017-06-08,10.16,96.92,2.1919999999999997,1351.9,45.64
2017-06-09,10.7,97.27,2.202,1343.9,45.83
2017-06-11,,,2.211,,
2017-06-12,11.46,97.14,2.214,1341.5,46.08
2017-06-13,10.42,96.97,2.211,1341.2,46.46
2017-06-14,10.64,96.94,2.127,1348.2,44.73
2017-06-15,10.9,97.43,2.164,1326.8,44.46
2017-06-16,10.38,97.16,2.153,1328.5,44.74
2017-06-18,,,2.157,,
2017-06-19,10.37,97.55,2.191,1318.8,44.2
2017-06-20,10.86,97.76,2.157,1315.2,43.23
2017-06-21,10.75,97.56,2.165,1317.1,42.53
2017-06-22,10.48,97.59,2.148,1320.4,42.74
2017-06-23,10.02,97.26,2.144,1327.7,43.01
2017-06-25,,,2.146,,
2017-06-26,9.9,97.43,2.135,1317.7,43.38
2017-06-27,11.06,96.39,2.2030000000000003,1318.4,44.24
2017-06-28,10.03,96.01,2.226,1320.8,44.74
2017-06-29,11.44,95.63,2.267,1317.7,44.93
2017-06-30,11.18,95.63,2.3040000000000003,1314.0,46.04
2017-07-01,,,2.3040000000000003,,
2017-07-02,,,2.316,,
2017-07-03,11.22,96.22,2.3480000000000003,1290.9,47.07
2017-07-04,,96.22,2.334,1227.55,47.13
2017-07-05,11.07,96.29,2.327,1293.9,45.13
2017-07-06,12.54,95.8,2.3680000000000003,1296.7,45.52
2017-07-07,11.19,96.01,2.386,1282.4,44.23
2017-07-09,,,2.386,,
2017-07-10,11.11,96.02,2.373,1286.0,44.4
2017-07-11,10.89,95.67,2.3609999999999998,1287.7,45.04
2017-07-12,10.3,95.76,2.319,1291.2,45.49
2017-07-13,9.9,95.73,2.3480000000000003,1288.5,46.08
2017-07-14,9.51,95.15,2.332,1298.8,46.54
2017-07-16,,,2.332,,
2017-07-17,9.82,95.13,2.314,1305.4,46.02
2017-07-18,9.89,94.6,2.261,1313.5,46.4
2017-07-19,9.79,94.78,2.271,1313.7,47.12
2017-07-20,9.58,94.31,2.2569999999999997,1317.1,46.79
2017-07-21,9.36,93.86,2.237,1325.9,45.77
2017-07-23,,,2.2319999999999998,,
2017-07-24,9.43,93.98,2.2569999999999997,1325.4,46.34
2017-07-25,9.43,94.05,2.332,1323.2,47.89
2017-07-26,9.6,93.67,2.293,1322.4,48.75
2017-07-27,10.11,93.86,2.319,1333.7,49.04
2017-07-28,10.29,93.26,2.291,1342.6,49.71
2017-07-30,,,2.282,,
2017-07-31,10.26,92.86,2.296,1340.7,50.17
2017-08-01,10.09,93.04,2.253,1346.3,49.16
2017-08-02,10.28,92.84,2.271,1345.5,49.59
2017-08-03,10.44,92.84,2.219,1341.6,49.03
2017-08-04,10.03,93.54,2.2640000000000002,1331.7,49.58
2017-08-06,,,2.273,,
2017-08-07,9.93,93.43,2.2569999999999997,1332.0,49.39
2017-08-08,10.96,93.65,2.262,1330.4,49.17
2017-08-09,11.11,93.55,2.249,1347.0,49.56
2017-08-10,16.04,93.4,2.201,1357.8,48.59
2017-08-11,15.51,93.07,2.191,1361.4,48.82
2017-08-13,,,2.199,,
2017-08-14,12.33,93.41,2.224,1358.1,47.59
2017-08-15,12.04,93.85,2.273,1347.5,47.55
2017-08-16,11.74,93.54,2.226,1350.8,46.78
2017-08-17,15.55,93.62,2.185,1359.9,47.09
2017-08-18,14.26,93.43,2.197,1358.8,48.51
2017-08-20,,,2.21,,
2017-08-21,13.19,93.09,2.1830000000000003,1364.1,47.37
2017-08-22,11.35,93.55,2.217,1358.6,47.64
2017-08-23,12.25,93.15,2.169,1361.7,48.41
2017-08-24,12.23,93.28,2.1959999999999997,1358.9,47.43
2017-08-25,11.28,92.74,2.169,1364.8,47.87
2017-08-27,,,2.175,,
2017-08-28,11.32,92.21,2.1590000000000003,1382.6,46.57
2017-08-29,11.7,92.25,2.129,1385.7,46.44
2017-08-30,11.22,92.88,2.136,1380.9,45.96
2017-08-31,10.59,92.67,2.121,1388.5,47.23
2017-09-01,10.13,92.81,2.166,1397.1,47.29
2017-09-03,,,2.166,1341.22,47.32
2017-09-04,,92.64,,1338.08,47.41
2017-09-05,12.23,92.25,2.063,1411.2,48.66
2017-09-06,11.63,92.29,2.106,1405.9,49.16
2017-09-07,11.55,91.66,2.042,1418.0,49.09
2017-09-08,12.12,91.35,2.0540000000000003,1419.3,47.48
2017-09-10,,,2.089,,
2017-09-11,10.73,91.9,2.134,1404.1,48.07
2017-09-12,10.58,91.88,2.167,1401.8,48.23
2017-09-13,10.5,92.52,2.194,1396.7,49.3
2017-09-14,10.44,92.12,2.187,1399.2,49.89
2017-09-15,10.17,91.87,2.202,1395.1,49.89
2017-09-17,,,2.202,,
2017-09-18,10.15,92.05,2.234,1380.3,49.91
2017-09-19,10.18,91.79,2.246,1382.6,49.48
2017-09-20,9.78,92.51,2.273,1388.3,50.41
2017-09-21,9.67,92.19,2.278,1366.7,50.55
2017-09-22,9.59,92.17,2.253,1369.4,50.66
2017-09-24,,,2.262,,
2017-09-25,10.21,92.65,2.222,1383.5,52.22
2017-09-26,10.17,92.97,2.2359999999999998,1374.1,51.88
2017-09-27,9.87,93.36,2.31,1360.7,52.14
2017-09-28,9.55,93.08,2.309,1361.3,51.56
2017-09-29,9.51,93.08,2.339,1357.6,51.67
2017-10-01,,,2.342,,
2017-10-02,9.45,93.56,2.3409999999999997,1350.1,50.58
2017-10-03,9.51,93.57,2.325,1348.8,50.42
2017-10-04,9.63,93.46,2.323,1351.0,49.98
2017-10-05,9.19,93.96,2.3480000000000003,1348.3,50.79
2017-10-06,9.65,93.8,2.3609999999999998,1350.0,49.29
2017-10-09,10.33,93.67,2.3609999999999998,1360.4,49.58
2017-10-10,10.08,93.29,2.355,1369.4,50.92
2017-10-11,9.85,93.02,2.353,1364.5,51.3
2017-10-12,9.91,93.06,2.3209999999999997,1372.3,50.6
2017-10-13,9.61,93.09,2.275,1380.4,51.45
2017-10-15,,,2.289,,
2017-10-16,9.91,93.31,2.305,1379.7,51.87
2017-10-17,10.31,93.51,2.302,1362.5,51.88
2017-10-18,10.07,93.36,2.345,1359.3,52.04
2017-10-19,10.05,93.16,2.318,1365.9,51.29
2017-10-20,9.97,93.7,2.383,1356.2,51.47
2017-10-22,,,2.394,,
2017-10-23,11.07,93.94,2.37,1356.9,51.9
2017-10-24,11.16,93.77,2.421,1354.2,52.47
2017-10-25,11.23,93.71,2.435,1355.5,52.18
2017-10-26,11.3,94.61,2.463,1346.5,52.64
2017-10-27,9.8,94.92,2.415,1349.1,53.9
2017-10-29,,,2.405,,
2017-10-30,10.5,94.56,2.37,1354.9,54.15
2017-10-31,10.18,94.55,2.378,1347.7,54.38
2017-11-01,10.2,94.81,2.372,1354.6,54.3
2017-11-02,9.93,94.69,2.349,1355.4,54.54
2017-11-03,9.14,94.94,2.332,1346.9,55.64
2017-11-05,,,2.343,,
2017-11-06,9.4,94.76,2.318,1359.7,57.35
2017-11-07,9.89,94.91,2.316,1353.9,57.2
2017-11-08,9.78,94.87,2.334,1362.3,56.81
2017-11-09,10.5,94.44,2.34,1366.8,57.17
2017-11-10,11.29,94.39,2.4019999999999997,1354.5,56.74
2017-11-12,,,2.398,,
2017-11-13,11.5,94.49,2.407,1360.4,56.76
2017-11-14,11.59,93.83,2.375,1364.2,55.7
2017-11-15,13.13,93.81,2.326,1358.7,55.33
2017-11-16,11.76,93.93,2.375,1359.4,55.14
2017-11-17,11.43,93.66,2.345,1378.0,56.55
2017-11-19,,,2.338,,
2017-11-20,10.65,94.08,2.3680000000000003,1357.6,56.09
2017-11-21,9.73,93.95,2.358,1364.8,56.83
2017-11-22,9.88,93.22,2.32,1376.4,58.02
2017-11-23,,93.22,2.326,1291.66,58.38
2017-11-24,9.67,92.78,2.34,1371.6,58.95
2017-11-26,,,2.342,,
2017-11-27,9.87,92.9,2.331,1378.7,58.11
2017-11-28,10.03,93.27,2.326,1379.0,57.99
2017-11-29,10.7,93.16,2.388,1366.4,57.3
2017-11-30,11.28,93.05,2.415,1357.3,57.4
2017-12-01,11.43,92.89,2.363,1362.8,58.36
2017-12-03,,,2.421,,
2017-12-04,11.68,93.19,2.372,1358.0,57.47
2017-12-05,11.33,93.38,2.353,1345.1,57.62
2017-12-06,11.02,93.61,2.34,1346.2,55.96
2017-12-07,10.16,93.8,2.362,1333.0,56.69
2017-12-08,9.58,93.9,2.378,1328.1,57.36
2017-12-10,,,2.385,,
2017-12-11,9.34,93.87,2.39,1326.8,57.99
2017-12-12,9.92,94.1,2.403,1321.9,57.14
2017-12-13,10.18,93.43,2.3480000000000003,1328.7,56.6
2017-12-14,10.49,93.49,2.349,1337.2,57.04
2017-12-15,9.42,93.93,2.351,1337.4,57.3
2017-12-16,,,2.351,,
2017-12-17,,,2.369,,
2017-12-18,9.53,93.69,2.394,1345.6,57.16
2017-12-19,10.03,93.44,2.459,1344.8,57.46
2017-12-20,9.72,93.31,2.497,1350.4,58.09
2017-12-21,9.62,93.28,2.484,1351.3,58.36
2017-12-22,9.9,93.35,2.485,1359.8,58.47
2017-12-25,,93.35,2.492,1277.9,58.59
2017-12-26,10.25,93.26,2.474,1368.5,59.97
2017-12-27,10.47,93.03,2.412,1372.3,59.64
2017-12-28,10.18,92.6,2.434,1379.4,59.84
2017-12-29,11.04,92.12,2.405,1391.9,60.42
2017-12-31,,92.28,,,
2018-01-01,,92.25,2.405,1308.7,60.24
2018-01-02,9.77,91.87,2.461,1400.1,60.37
2018-01-03,9.15,92.16,2.445,1404.0,61.63
2018-01-04,9.22,91.85,2.4530000000000003,1407.3,62.01
2018-01-05,9.22,91.95,2.476,1408.3,61.44
2018-01-07,,,2.476,,
2018-01-08,9.52,92.36,2.48,1407.4,61.73
2018-01-09,10.08,92.53,2.551,1401.3,62.96
2018-01-10,9.82,92.33,2.559,1408.3,63.57
2018-01-11,9.88,91.85,2.537,1411.4,63.8
2018-01-12,10.16,90.97,2.55,1425.7,64.3
2018-01-14,,,,1337.4,64.28
2018-01-15,,90.97,2.552,1341.8,64.73
2018-01-16,11.66,90.39,2.539,1428.1,63.73
2018-01-17,11.91,90.54,2.5869999999999997,1431.0,63.97
2018-01-18,12.22,90.5,2.6239999999999997,1419.0,63.95
2018-01-19,11.27,90.57,2.661,1425.9,63.37
2018-01-21,,,2.6630000000000003,,
2018-01-22,11.03,90.4,2.656,1429.6,63.49
2018-01-23,11.1,90.12,2.617,1434.2,64.47
2018-01-24,11.47,89.21,2.648,1456.3,65.61
2018-01-25,11.58,89.39,2.6239999999999997,1463.1,65.51
2018-01-26,11.08,89.07,2.66,1453.7,66.14
2018-01-28,,,2.658,,
2018-01-29,13.84,89.31,2.699,1441.3,65.56
2018-01-30,14.79,89.16,2.7239999999999998,1436.2,64.5
2018-01-31,13.54,89.13,2.713,1439.4,64.73
2018-02-01,13.47,88.67,2.782,1445.1,65.8
2018-02-02,17.31,89.19,2.841,1434.6,65.45
2018-02-04,,,2.845,,
2018-02-05,37.32,89.55,2.7089999999999996,1432.9,64.15
2018-02-06,29.98,89.58,2.805,1425.4,63.39
2018-02-07,27.73,90.25,2.8339999999999996,1410.7,61.79
2018-02-08,33.46,90.23,2.8280000000000003,1414.8,61.15
2018-02-09,29.06,90.44,2.8569999999999998,1410.1,59.2
2018-02-11,,,2.8569999999999998,,
2018-02-12,25.61,90.21,2.859,1420.9,59.29
2018-02-13,24.97,89.7,2.833,1424.8,59.19
2018-02-14,19.26,89.12,2.9130000000000003,1452.9,60.6
2018-02-15,19.13,88.59,2.906,1451.5,61.34
2018-02-16,19.46,89.1,2.873,1452.8,61.68
2018-02-18,,,2.873,1350.5,61.72
2018-02-19,,89.1,2.889,1347.8,62.38
2018-02-20,20.6,89.72,2.891,1428.4,61.9
2018-02-21,20.02,90.0,2.952,1430.6,61.68
2018-02-22,18.72,89.74,2.9189999999999996,1431.4,62.77
2018-02-23,16.49,89.88,2.866,1429.0,63.55
2018-02-25,,,2.875,,
2018-02-26,15.8,89.85,2.864,1433.1,63.91
2018-02-27,18.59,90.36,2.9010000000000002,1419.6,63.01
2018-02-28,19.85,90.61,2.864,1419.2,61.64
2018-03-01,22.47,90.32,2.8110000000000004,1406.0,60.99
2018-03-02,19.59,89.94,2.8680000000000003,1424.2,61.25
2018-03-04,,,2.8480000000000003,,
2018-03-05,18.73,90.08,2.883,1420.5,62.57
2018-03-06,18.36,89.62,2.886,1435.9,62.6
2018-03-07,17.76,89.64,2.8810000000000002,1427.9,61.15
2018-03-08,16.54,90.18,2.8569999999999998,1423.7,60.12
2018-03-09,14.64,90.09,2.8960000000000004,1428.0,62.04
2018-03-11,,,2.905,,
2018-03-12,15.78,89.89,2.866,1424.8,61.36
2018-03-13,16.35,89.66,2.844,1431.4,60.71
2018-03-14,17.23,89.7,2.819,1429.7,60.96
2018-03-15,16.59,90.14,2.826,1421.7,61.19
2018-03-16,15.8,90.23,2.845,1416.3,62.34
2018-03-18,,,2.855,,
2018-03-19,19.02,89.77,2.855,1421.7,62.06
2018-03-20,18.2,90.37,2.9,1416.2,63.4
2018-03-21,17.86,89.78,2.8810000000000002,1426.6,65.17
2018-03-22,23.34,89.86,2.823,1432.2,64.3
2018-03-23,24.87,89.48,2.813,1455.0,65.88
2018-03-25,,,2.821,,
2018-03-26,21.03,89.03,2.852,1461.0,65.55
2018-03-27,22.5,89.33,2.775,1447.8,65.25
2018-03-28,22.87,90.06,2.783,1428.9,64.38
2018-03-29,19.97,90.15,2.741,1426.0,64.94
2018-03-30,,89.97,,,
2018-04-01,,,2.761,,
2018-04-02,23.62,90.05,2.733,1445.8,63.01
2018-04-03,21.1,90.2,2.781,1436.5,63.51
2018-04-04,20.06,90.14,2.8080000000000003,1439.7,63.37
2018-04-05,18.94,90.46,2.8339999999999996,1428.1,63.54
2018-04-06,21.49,90.11,2.775,1435.9,62.06
2018-04-08,,,2.786,,
2018-04-09,21.77,89.84,2.781,1439.6,63.42
2018-04-10,20.47,89.59,2.801,1445.5,65.51
2018-04-11,20.24,89.57,2.779,1460.0,66.82
2018-04-12,18.49,89.75,2.843,1441.4,67.07
2018-04-13,17.41,89.8,2.825,1447.9,67.39
2018-04-15,,,2.843,,
2018-04-16,16.56,89.42,2.8289999999999997,1450.6,66.22
2018-04-17,15.25,89.52,2.83,1449.3,66.52
2018-04-18,15.6,89.62,2.875,1453.5,68.47
2018-04-19,15.96,89.94,2.9139999999999997,1448.8,68.29
2018-04-20,16.88,90.32,2.96,1438.2,68.38
2018-04-22,,,2.968,,
2018-04-23,16.34,90.95,2.977,1424.0,68.64
2018-04-24,18.02,90.77,3.0,1433.1,67.7
2018-04-25,17.84,91.17,3.032,1422.9,68.05
2018-04-26,16.24,91.56,2.983,1418.0,68.19
2018-04-27,15.41,91.54,2.9589999999999996,1423.6,68.1
2018-04-29,,,2.9589999999999996,,
2018-04-30,15.93,91.84,2.955,1419.1,68.57
2018-05-01,15.49,92.45,2.968,1406.4,67.25
2018-05-02,15.97,92.51,2.9760000000000004,1405.3,67.93
2018-05-03,15.9,92.41,2.948,1412.4,68.43
2018-05-04,14.77,92.57,2.951,1414.7,69.72
2018-05-06,,,2.9530000000000003,,
2018-05-07,14.75,92.75,2.952,1414.2,70.73
2018-05-08,14.71,93.12,2.972,1413.8,69.06
2018-05-09,13.42,93.04,3.0060000000000002,1413.0,71.14
2018-05-10,13.23,92.65,2.964,1422.1,71.36
2018-05-11,12.65,92.54,2.97,1420.4,70.7
2018-05-13,,,2.975,,
2018-05-14,12.93,92.59,3.002,1417.9,70.96
2018-05-15,14.63,93.22,3.072,1389.8,71.31
2018-05-16,13.42,93.39,3.1039999999999996,1392.1,71.49
2018-05-17,13.43,93.47,3.115,1390.0,71.49
2018-05-18,13.42,93.64,3.06,1391.3,71.28
2018-05-20,,,3.08,,
2018-05-21,13.08,93.68,3.0580000000000003,1391.1,72.24
2018-05-22,13.22,93.61,3.063,1392.1,72.13
2018-05-23,12.58,94.0,2.9930000000000003,1389.2,71.84
2018-05-24,12.53,93.76,2.977,1404.2,70.71
2018-05-25,13.22,94.19,2.931,1403.2,67.88
2018-05-27,,,,1298.3,67.36
2018-05-28,,94.19,2.898,1297.6,67.05
2018-05-29,17.02,94.83,2.79,1393.7,66.73
2018-05-30,14.94,94.15,2.8569999999999998,1396.7,68.21
2018-05-31,15.43,93.98,2.86,1395.0,67.04
2018-06-01,13.46,94.19,2.9019999999999997,1390.1,65.81
2018-06-03,,,2.906,,
2018-06-04,12.74,94.02,2.944,1389.5,64.75
2018-06-05,12.4,93.9,2.926,1394.5,65.52
2018-06-06,11.64,93.66,2.9739999999999998,1393.9,64.73
2018-06-07,12.13,93.4,2.9219999999999997,1394.8,65.95
2018-06-08,12.18,93.55,2.948,1394.8,65.74
2018-06-10,,,2.952,,
2018-06-11,12.35,93.58,2.952,1395.9,66.1
2018-06-12,12.34,93.8,2.964,1392.2,66.36
2018-06-13,12.94,93.71,2.9739999999999998,1393.9,66.64
2018-06-14,12.12,94.77,2.935,1401.0,66.89
2018-06-15,11.98,94.79,2.9219999999999997,1369.7,65.06
2018-06-17,,,2.9210000000000003,,
2018-06-18,12.31,94.8,2.917,1371.5,65.85
2018-06-19,13.35,95.08,2.897,1369.6,65.07
2018-06-20,12.79,95.06,2.937,1365.7,66.22
2018-06-21,14.64,94.74,2.8989999999999996,1361.4,65.54
2018-06-22,13.77,94.52,2.895,1361.7,68.58
2018-06-24,,,2.891,,
2018-06-25,17.33,94.28,2.8819999999999997,1359.6,68.08
2018-06-26,15.92,94.66,2.877,1350.0,70.53
2018-06-27,17.91,95.27,2.827,1345.5,72.76
2018-06-28,16.85,95.39,2.84,1340.0,73.45
2018-06-29,16.09,94.64,2.86,1343.7,74.15
2018-07-01,,,2.8560000000000003,,
2018-07-02,15.6,95.03,2.8710000000000004,1329.7,73.94
2018-07-03,16.14,94.67,2.833,1342.2,74.14
2018-07-04,,94.67,2.842,1258.1,74.13
2018-07-05,14.97,94.47,2.833,1347.4,72.94
2018-07-06,13.37,94.04,2.824,1344.6,73.8
2018-07-08,,,2.825,,
2018-07-09,12.69,94.08,2.858,1348.8,73.85
2018-07-10,12.64,94.15,2.867,1344.9,74.11
2018-07-11,13.63,94.72,2.84,1333.1,70.38
2018-07-12,12.58,94.81,2.8489999999999998,1335.2,70.33
2018-07-13,12.18,94.75,2.8289999999999997,1329.0,71.01
2018-07-15,,,2.8289999999999997,,
2018-07-16,12.83,94.51,2.8560000000000003,1327.5,68.06
2018-07-17,12.06,94.94,2.86,1314.6,68.08
2018-07-18,12.1,95.08,2.875,1315.0,68.76
2018-07-19,12.87,95.15,2.838,1310.4,69.46
2018-07-20,12.86,94.45,2.895,1316.8,70.46
2018-07-22,,,2.8930000000000002,,
2018-07-23,12.62,94.67,2.96,1310.7,67.89
2018-07-24,12.41,94.61,2.95,1310.8,68.52
2018-07-25,12.29,94.36,2.9730000000000003,1316.7,69.3
2018-07-26,12.14,94.75,2.9819999999999998,1311.5,69.61
2018-07-27,13.03,94.67,2.958,1309.0,68.69
2018-07-29,,,2.96,,
2018-07-30,14.26,94.32,2.975,1307.7,70.13
2018-07-31,12.83,94.49,2.9619999999999997,1309.8,68.76
2018-08-01,13.15,94.62,3.0039999999999996,1304.0,67.66
2018-08-02,12.19,95.16,2.986,1296.2,68.96
2018-08-03,11.64,95.14,2.951,1299.4,68.49
2018-08-05,,,2.9560000000000004,,
2018-08-06,11.27,95.36,2.945,1293.6,69.01
2018-08-07,10.93,95.22,2.977,1294.2,69.17
2018-08-08,10.85,95.05,2.964,1296.8,66.94
2018-08-09,11.27,95.5,2.929,1295.8,66.81
2018-08-10,13.16,96.36,2.873,1294.6,67.63
2018-08-12,,,2.864,,
2018-08-13,14.78,96.39,2.877,1274.1,67.2
2018-08-14,13.31,96.73,2.9,1275.9,67.04
2018-08-15,14.64,96.7,2.864,1259.7,65.01
2018-08-16,13.45,96.64,2.87,1258.0,65.46
2018-08-17,12.64,96.1,2.864,1258.1,65.91
2018-08-19,,,2.8680000000000003,,
2018-08-20,12.49,95.9,2.819,1267.5,66.43
2018-08-21,12.86,95.26,2.842,1272.8,67.35
2018-08-22,12.25,95.15,2.821,1275.8,67.86
2018-08-23,12.41,95.67,2.8280000000000003,1265.2,67.83
2018-08-24,11.99,95.15,2.813,1285.0,68.72
2018-08-26,,,2.821,,
2018-08-27,12.16,94.78,2.846,1288.0,68.87
2018-08-28,12.5,94.72,2.884,1286.4,68.53
2018-08-29,12.25,94.6,2.886,1283.3,69.51
2018-08-30,13.53,94.72,2.859,1276.1,70.25
2018-08-31,12.86,95.14,2.86,1277.7,69.8
2018-09-02,,,,1204.9,69.92
2018-09-03,,95.14,2.862,1206.3,70.12
2018-09-04,13.16,95.44,2.898,1270.2,69.87
2018-09-05,13.91,95.18,2.904,1272.6,68.72
2018-09-06,14.65,95.02,2.878,1275.7,67.77
2018-09-07,14.88,95.36,2.9389999999999996,1272.1,67.75
2018-09-09,,,2.9419999999999997,,
2018-09-10,14.16,95.15,2.935,1271.6,67.54
2018-09-11,13.22,95.25,2.9810000000000003,1274.4,69.25
2018-09-12,13.14,94.8,2.964,1283.9,70.37
2018-09-13,12.37,94.52,2.9739999999999998,1281.0,68.59
2018-09-14,12.07,94.93,3.0,1273.8,68.99
2018-09-16,,,3.0,,
2018-09-17,13.68,94.5,2.9939999999999998,1278.4,68.91
2018-09-18,12.79,94.64,3.057,1275.7,69.85
2018-09-19,11.75,94.54,3.0660000000000003,1281.5,71.12
2018-09-20,11.8,93.91,3.065,1284.4,70.8
2018-09-21,11.68,94.22,3.0660000000000003,1274.3,70.78
2018-09-23,,,3.0660000000000003,,
2018-09-24,12.2,94.19,3.089,1277.4,72.08
2018-09-25,12.42,94.13,3.0980000000000003,1278.2,72.28
2018-09-26,12.89,94.19,3.048,1271.8,71.57
2018-09-27,12.41,94.89,3.056,1259.8,72.12
2018-09-28,12.12,95.13,3.065,1268.7,73.25
2018-09-30,,,3.069,,
2018-10-01,12.0,95.3,3.0860000000000003,1264.4,75.3
2018-10-02,12.05,95.51,3.0610000000000004,1280.7,75.23
2018-10-03,11.61,95.76,3.181,1276.7,76.41
2018-10-04,14.22,95.75,3.187,1275.5,74.33
2018-10-05,14.82,95.62,3.233,1280.2,74.34
2018-10-08,15.69,95.76,3.2310000000000003,1262.9,74.29
2018-10-09,15.95,95.67,3.2060000000000004,1265.8,74.96
2018-10-10,22.96,95.51,3.174,1267.7,73.17
2018-10-11,24.98,95.02,3.1460000000000004,1302.3,70.97
2018-10-12,21.31,95.22,3.167,1296.3,71.34
2018-10-14,,,3.159,,
2018-10-15,21.3,95.06,3.156,1305.4,71.78
2018-10-16,17.62,95.05,3.1630000000000003,1305.8,71.92
2018-10-17,17.4,95.58,3.207,1301.9,69.75
2018-10-18,20.06,95.9,3.177,1305.1,68.65
2018-10-19,19.89,95.71,3.196,1303.8,69.12
2018-10-21,,,3.1919999999999997,,
2018-10-22,19.64,96.01,3.2,1299.8,69.17
2018-10-23,20.71,95.96,3.1710000000000003,1312.0,66.43
2018-10-24,25.23,96.43,3.111,1305.5,66.82
2018-10-25,24.22,96.68,3.1260000000000003,1306.7,67.33
2018-10-26,24.16,96.36,3.077,1309.7,67.59
2018-10-28,,,3.083,,
2018-10-29,24.7,96.58,3.089,1301.1,67.04
2018-10-30,23.35,97.01,3.1189999999999998,1298.9,66.18
2018-10-31,21.23,97.13,3.1489999999999996,1288.2,65.31
2018-11-01,19.34,96.28,3.134,1312.2,63.69
2018-11-02,19.51,96.54,3.22,1307.3,63.14
2018-11-04,,,3.21,,
2018-11-05,19.96,96.28,3.201,1306.4,63.1
2018-11-06,19.91,96.32,3.2310000000000003,1300.4,62.21
2018-11-07,16.36,96.0,3.237,1302.8,61.67
2018-11-08,16.72,96.72,3.239,1299.3,60.67
2018-11-09,17.36,96.91,3.1860000000000004,1282.2,60.19
2018-11-12,20.45,97.54,3.1510000000000002,1276.8,59.93
2018-11-13,20.02,97.3,3.141,1274.7,55.69
2018-11-14,21.25,96.8,3.127,1283.2,56.25
2018-11-15,19.98,96.93,3.11,1287.6,56.46
2018-11-16,18.14,96.47,3.065,1294.9,56.46
2018-11-18,,,3.057,,
2018-11-19,20.1,96.19,3.063,1297.5,56.76
2018-11-20,22.48,96.84,3.0610000000000004,1293.4,53.43
2018-11-21,20.8,96.71,3.065,1300.8,54.63
2018-11-22,,96.71,3.065,1228.0,54.02
2018-11-23,21.52,96.92,3.0460000000000003,1296.1,50.42
2018-11-25,,,3.048,,
2018-11-26,18.9,97.07,3.0589999999999997,1295.8,51.63
2018-11-27,19.02,97.37,3.0589999999999997,1286.5,51.56
2018-11-28,18.49,96.79,3.0610000000000004,1296.4,50.29
2018-11-29,18.79,96.78,3.032,1297.0,51.45
2018-11-30,18.07,97.27,2.9930000000000003,1292.7,50.93
2018-12-02,,,3.0389999999999997,,
2018-12-03,16.44,97.04,2.966,1306.4,52.95
2018-12-04,20.74,96.97,2.915,1313.6,53.25
2018-12-05,,97.07,2.917,1309.6,52.89
2018-12-06,21.19,96.81,2.892,1310.2,51.49
2018-12-07,23.23,96.51,2.858,1319.5,52.61
2018-12-09,,,2.8289999999999997,,
2018-12-10,22.64,97.22,2.863,1314.8,51.0
2018-12-11,21.76,97.39,2.8789999999999996,1312.9,51.65
2018-12-12,21.46,97.04,2.911,1315.8,51.15
2018-12-13,20.65,97.06,2.9130000000000003,1313.2,52.58
2018-12-14,21.63,97.44,2.895,1307.0,51.2
2018-12-16,,,2.8930000000000002,,
2018-12-17,24.52,97.1,2.8569999999999998,1317.4,49.88
2018-12-18,25.58,97.1,2.823,1318.5,46.24
2018-12-19,25.58,97.03,2.762,1321.3,47.2
2018-12-20,28.38,96.28,2.8080000000000003,1333.1,45.88
2018-12-21,30.11,96.96,2.7880000000000003,1323.1,45.59
2018-12-23,,,2.7880000000000003,,
2018-12-24,36.07,96.55,2.737,1337.0,42.53
2018-12-25,,96.55,2.7510000000000003,1270.75,43.16
2018-12-26,30.41,97.05,2.81,1338.3,46.22
2018-12-27,29.96,96.48,2.7739999999999996,1346.5,44.61
2018-12-28,28.34,96.4,2.716,1348.3,45.33
2018-12-30,,,2.716,,
2018-12-31,25.42,96.17,2.6860000000000004,1347.1,45.41
2019-01-01,,96.17,2.6860000000000004,1283.35,45.89
2019-01-02,23.22,96.82,2.633,1349.5,46.54
2019-01-03,25.45,96.31,2.552,1359.8,47.09
2019-01-04,21.38,96.18,2.668,1351.0,47.96
2019-01-06,,,2.668,,
2019-01-07,21.4,95.67,2.698,1355.2,48.52
2019-01-08,20.47,95.9,2.73,1351.1,49.78
2019-01-09,19.98,95.22,2.7119999999999997,1357.3,52.36
2019-01-10,19.5,95.54,2.7460000000000004,1353.0,52.59
2019-01-11,18.19,95.67,2.699,1355.4,51.59
2019-01-13,,,2.699,,
2019-01-14,19.07,95.61,2.7060000000000004,1357.2,50.51
2019-01-15,18.6,96.04,2.718,1353.7,52.11
2019-01-16,19.04,96.06,2.727,1359.3,52.31
2019-01-17,18.06,96.06,2.75,1357.9,52.07
2019-01-18,17.8,96.34,2.7880000000000003,1348.1,53.8
2019-01-20,,,,1282.05,53.65
2019-01-21,,96.34,2.773,1279.05,54.24
2019-01-22,20.8,96.3,2.741,1348.4,52.57
2019-01-23,19.52,96.12,2.75,1349.3,52.62
2019-01-24,18.89,96.6,2.716,1344.9,53.13
2019-01-25,17.42,95.79,2.759,1364.0,53.69
2019-01-27,,,2.755,,
2019-01-28,18.87,95.75,2.748,1369.8,51.99
2019-01-29,19.13,95.82,2.71,1375.6,53.31
2019-01-30,17.66,95.34,2.678,1375.9,54.23
2019-01-31,16.57,95.58,2.633,1384.0,53.79
2019-02-01,16.14,95.58,2.6839999999999997,1381.1,55.26
2019-02-03,,,2.6910000000000003,,
2019-02-04,15.73,95.85,2.725,1378.3,54.56
2019-02-05,15.57,96.07,2.7039999999999997,1378.6,53.66
2019-02-06,15.38,96.39,2.7,1373.8,54.01
2019-02-07,16.37,96.51,2.657,1373.6,52.64
2019-02-08,15.72,96.64,2.634,1377.8,52.72
2019-02-10,,,2.634,,
2019-02-11,15.97,97.06,2.654,1371.2,52.41
2019-02-12,15.43,96.71,2.6860000000000004,1373.2,53.1
2019-02-13,15.65,97.13,2.7089999999999996,1374.6,53.9
2019-02-14,16.22,96.98,2.655,1373.2,54.41
2019-02-15,14.91,96.9,2.6639999999999997,1381.2,55.59
2019-02-17,,,,1324.25,56.33
2019-02-18,,96.9,2.673,1329.55,56.27
2019-02-19,14.88,96.52,2.636,1403.9,56.09
2019-02-20,14.02,96.45,2.648,1406.7,56.92
2019-02-21,14.46,96.61,2.695,1387.2,56.96
2019-02-22,13.51,96.51,2.654,1392.5,57.26
2019-02-24,,,2.6660000000000004,,
2019-02-25,14.85,96.41,2.668,1389.0,55.48
2019-02-26,15.17,96.0,2.638,1387.9,55.5
2019-02-27,14.7,96.15,2.6860000000000004,1380.5,56.94
2019-02-28,14.78,96.16,2.717,1375.3,57.22
2019-03-01,13.57,96.53,2.759,1358.3,55.8
2019-03-03,,,2.766,,
2019-03-04,14.63,96.68,2.7239999999999998,1346.3,56.59
2019-03-05,14.74,96.87,2.719,1343.5,56.56
2019-03-06,15.74,96.87,2.693,1346.5,56.22
2019-03-07,16.59,97.67,2.641,1344.9,56.66
2019-03-08,16.05,97.31,2.63,1358.5,56.07
2019-03-10,,,2.63,,
2019-03-11,14.33,97.22,2.641,1350.0,56.79
2019-03-12,13.77,96.94,2.6,1356.6,56.87
2019-03-13,13.41,96.55,2.625,1368.1,58.26
2019-03-14,13.5,96.78,2.63,1352.9,58.61
2019-03-15,12.88,96.59,2.591,1360.6,58.52
2019-03-17,,,2.594,,
2019-03-18,13.1,96.52,2.605,1359.4,59.09
2019-03-19,13.56,96.38,2.6180000000000003,1364.7,59.03
2019-03-20,13.91,95.76,2.524,1359.5,59.83
2019-03-21,13.63,96.5,2.539,1364.5,59.98
2019-03-22,16.48,96.65,2.437,1369.3,59.04
2019-03-24,,,2.451,,
2019-03-25,16.33,96.57,2.405,1378.1,58.82
2019-03-26,14.68,96.74,2.425,1369.3,59.94
2019-03-27,15.15,96.77,2.381,1363.8,59.41
2019-03-28,14.43,97.2,2.391,1342.4,59.3
2019-03-29,13.71,97.28,2.407,1346.0,60.14
2019-03-31,,,2.428,,
2019-04-01,13.4,97.23,2.503,1342.7,61.59
2019-04-02,13.36,97.36,2.472,1343.9,62.58
2019-04-03,13.74,97.09,2.528,1344.0,62.46
2019-04-04,13.58,97.31,2.513,1343.5,62.1
2019-04-05,12.82,97.39,2.499,1345.2,63.08
2019-04-07,,,2.503,,
2019-04-08,13.18,97.05,2.52,1351.9,64.4
2019-04-09,14.28,97.01,2.502,1358.4,63.98
2019-04-10,13.3,96.95,2.465,1363.9,64.61
2019-04-11,13.02,97.18,2.499,1343.4,63.58
2019-04-12,12.01,96.97,2.562,1346.3,63.89
2019-04-14,,,2.556,,
2019-04-15,12.32,96.94,2.556,1342.4,63.4
2019-04-16,12.18,97.04,2.592,1328.1,64.05
2019-04-17,12.6,97.01,2.594,1327.6,63.76
2019-04-18,12.09,97.47,2.56,1326.9,64.0
2019-04-19,12.09,97.38,,1277.9,
2019-04-21,,,2.56,,
2019-04-22,12.42,97.29,2.5869999999999997,1328.5,65.7
2019-04-23,12.28,97.64,2.569,1323.8,66.3
2019-04-24,13.14,98.17,2.5180000000000002,1329.9,65.89
2019-04-25,13.25,98.2,2.5340000000000003,1330.2,65.21
2019-04-26,12.73,98.01,2.5,1339.2,63.3
2019-04-29,13.11,97.86,2.5269999999999997,1331.6,63.5
2019-04-30,13.12,97.48,2.504,1335.7,63.91
2019-05-01,14.8,97.69,2.502,1334.2,63.6
2019-05-02,14.42,97.83,2.545,1322.2,61.81
2019-05-03,12.87,97.52,2.53,1331.7,61.94
2019-05-05,,,2.53,,
2019-05-06,15.44,97.52,2.5,1334.0,62.25
2019-05-07,19.32,97.63,2.448,1335.8,61.4
2019-05-08,19.4,97.62,2.485,1331.4,62.12
2019-05-09,19.1,97.37,2.4530000000000003,1335.1,61.7
2019-05-10,16.04,97.33,2.4730000000000003,1337.2,61.66
2019-05-12,,,2.435,,
2019-05-13,20.55,97.32,2.403,1350.2,61.04
2019-05-14,18.06,97.53,2.414,1343.4,61.78
2019-05-15,16.44,97.57,2.377,1344.5,62.02
2019-05-16,15.29,97.86,2.394,1333.1,62.87
2019-05-17,15.96,98.0,2.3930000000000002,1322.5,62.76
2019-05-19,,,2.401,,
2019-05-20,16.31,97.93,2.419,1324.2,63.1
2019-05-21,14.95,98.06,2.428,1320.1,62.99
2019-05-22,14.75,98.04,2.38,1321.3,61.42
2019-05-23,16.92,97.86,2.322,1331.8,57.91
2019-05-24,15.85,97.61,2.324,1330.1,58.63
2019-05-26,,,,1284.15,58.77
2019-05-27,,97.61,2.31,1284.95,59.16
2019-05-28,17.5,97.95,2.267,1323.3,59.14
2019-05-29,17.9,98.14,2.262,1326.5,58.81
2019-05-30,17.3,98.14,2.217,1341.4,56.59
2019-05-31,18.71,97.75,2.133,1357.5,53.5
2019-06-02,,,2.125,,
2019-06-03,18.86,97.14,2.075,1372.9,53.25
2019-06-04,16.97,97.07,2.121,1373.9,53.48
2019-06-05,16.09,97.32,2.131,1377.6,51.68
2019-06-06,15.93,97.04,2.121,1385.9,52.59
2019-06-07,16.3,96.54,2.084,1389.3,53.99
2019-06-09,,,2.121,,
2019-06-10,15.94,96.76,2.15,1374.3,53.26
2019-06-11,15.99,96.69,2.145,1376.4,53.27
2019-06-12,15.91,97.0,2.122,1381.2,51.14
2019-06-13,15.82,97.01,2.093,1388.1,52.28
2019-06-14,15.28,97.57,2.084,1388.9,52.51
2019-06-16,,,2.092,,
2019-06-17,15.35,97.56,2.0909999999999997,1387.0,51.93
2019-06-18,15.15,97.64,2.0580000000000003,1394.8,53.9
2019-06-19,14.33,97.12,2.029,1391.2,53.76
2019-06-20,14.75,96.63,2.023,1436.0,56.65
2019-06-21,15.4,96.22,2.059,1439.0,57.43
2019-06-23,,,2.059,,
2019-06-24,15.26,95.98,2.0180000000000002,1457.0,57.9
2019-06-25,16.28,96.14,1.9880000000000002,1457.4,57.83
2019-06-26,16.21,96.21,2.05,1453.9,59.38
2019-06-27,15.82,96.19,2.0140000000000002,1450.6,59.43
2019-06-28,15.08,96.13,2.0069999999999997,1452.9,58.47
2019-06-30,,,2.045,,
2019-07-01,14.06,96.84,2.033,1429.7,59.09
2019-07-02,12.93,96.73,1.976,1448.9,56.25
2019-07-03,12.57,96.77,1.953,1462.1,57.34
2019-07-04,,96.77,1.9480000000000002,1423.55,56.8
2019-07-05,13.28,97.29,2.039,1442.7,57.51
2019-07-07,,,2.043,,
2019-07-08,13.96,97.38,2.048,1443.4,57.66
2019-07-09,14.09,97.49,2.072,1444.4,57.83
2019-07-10,13.03,97.1,2.061,1456.6,60.43
2019-07-11,12.93,97.05,2.1430000000000002,1451.4,60.2
2019-07-12,12.39,96.81,2.124,1457.0,60.21
2019-07-14,,,2.124,,
2019-07-15,12.68,96.93,2.09,1458.4,59.58
2019-07-16,12.86,97.39,2.106,1456.6,57.62
2019-07-17,13.97,97.22,2.043,1469.3,56.78
2019-07-18,13.53,96.79,2.026,1474.0,55.3
2019-07-19,14.45,97.15,2.057,1472.3,55.63
2019-07-21,,,2.059,,
2019-07-22,13.53,97.26,2.05,1472.8,56.22
2019-07-23,12.61,97.7,2.0780000000000003,1467.6,56.77
2019-07-24,12.07,97.73,2.05,1469.7,55.88
2019-07-25,12.74,97.82,2.083,1461.2,56.02
2019-07-26,12.16,98.01,2.074,1467.2,56.2
2019-07-28,,,2.069,,
2019-07-29,12.83,98.04,2.063,1468.5,56.87
2019-07-30,13.94,98.05,2.06,1477.3,58.05
2019-07-31,16.12,98.52,2.0069999999999997,1473.3,58.58
2019-08-01,17.87,98.37,1.902,1468.5,53.95
2019-08-02,17.61,98.07,1.8430000000000002,1492.3,55.66
2019-08-04,,,1.85,,
2019-08-05,24.59,97.52,1.7180000000000002,1509.6,54.69
2019-08-06,20.17,97.63,1.716,1516.7,53.63
2019-08-07,19.49,97.54,1.7209999999999999,1551.6,51.09
2019-08-08,16.91,97.62,1.719,1542.0,52.54
2019-08-09,17.97,97.49,1.745,1541.5,54.5
2019-08-11,,,1.745,,
2019-08-12,21.09,97.38,1.64,1550.0,54.93
2019-08-13,17.52,97.81,1.702,1547.7,57.1
2019-08-14,22.1,97.99,1.5830000000000002,1561.0,55.23
2019-08-15,21.18,98.14,1.5019999999999998,1563.7,54.47
2019-08-16,18.47,98.14,1.5619999999999998,1556.2,54.87
2019-08-18,,,1.574,,
2019-08-19,16.88,98.35,1.608,1544.0,56.21
2019-08-20,17.5,98.19,1.5519999999999998,1548.0,56.34
2019-08-21,15.8,98.3,1.591,1548.2,55.68
2019-08-22,16.68,98.17,1.6130000000000002,1541.1,55.35
2019-08-23,19.87,97.64,1.5330000000000001,1570.2,54.17
2019-08-25,,,1.476,,
2019-08-26,19.32,98.08,1.538,1569.8,53.64
2019-08-27,20.31,98.0,1.474,1584.5,54.93
2019-08-28,19.35,98.21,1.4680000000000002,1581.2,55.78
2019-08-29,17.88,98.51,1.496,1569.9,56.71
2019-08-30,18.98,98.92,1.499,1563.1,55.1
2019-09-01,,,,1538.05,54.8
2019-09-02,,98.92,1.506,1535.15,54.66
2019-09-03,19.66,99.0,1.462,1589.1,53.94
2019-09-04,17.33,98.45,1.4709999999999999,1593.3,56.26
2019-09-05,16.27,98.41,1.565,1558.8,56.3
2019-09-06,15.0,98.39,1.56,1549.2,56.52
2019-09-08,,,1.56,,
2019-09-09,15.27,98.28,1.6469999999999998,1545.5,57.85
2019-09-10,15.2,98.33,1.744,1534.0,57.4
2019-09-11,14.61,98.64,1.745,1538.3,55.75
2019-09-12,14.22,98.31,1.778,1544.1,55.09
2019-09-13,13.74,98.26,1.901,1537.3,54.85
2019-09-15,,,1.901,,
2019-09-16,14.67,98.61,1.8430000000000002,1549.1,62.9
2019-09-17,14.44,98.26,1.81,1550.9,59.34
2019-09-18,13.95,98.56,1.8,1552.9,58.11
2019-09-19,14.05,98.27,1.787,1543.2,58.13
2019-09-20,15.32,98.51,1.722,1552.6,58.09
2019-09-22,,,1.722,,
2019-09-23,14.91,98.6,1.723,1568.9,58.64
2019-09-24,17.05,98.34,1.652,1577.4,57.29
2019-09-25,15.96,99.04,1.7369999999999999,1549.3,56.49
2019-09-26,16.07,99.13,1.6969999999999998,1552.3,56.41
2019-09-27,17.22,99.11,1.6869999999999998,1543.4,55.91
2019-09-29,,,1.6840000000000002,,
2019-09-30,16.24,99.38,1.6680000000000001,1509.6,54.07
2019-10-01,18.56,99.13,1.635,1525.3,53.62
2019-10-02,20.56,99.02,1.601,1544.1,52.64
2019-10-03,19.12,98.86,1.534,1548.2,52.45
2019-10-04,17.04,98.81,1.5290000000000001,1547.6,52.81
2019-10-06,,,1.515,,
2019-10-07,17.86,98.97,1.565,1539.4,52.75
2019-10-08,20.28,99.13,1.5319999999999998,1538.8,52.63
2019-10-09,18.64,99.12,1.587,1548.0,52.59
2019-10-10,17.57,98.7,1.67,1536.6,53.55
2019-10-11,15.58,98.3,1.734,1524.7,54.7
2019-10-14,14.57,98.45,1.715,1534.0,53.59
2019-10-15,13.54,98.29,1.771,1520.0,52.81
2019-10-16,13.68,98.0,1.745,1530.3,53.36
2019-10-17,13.79,97.61,1.75,1534.7,53.93
2019-10-18,14.25,97.28,1.754,1529.9,53.78
2019-10-20,,,1.74,,
2019-10-21,14.0,97.33,1.8030000000000002,1524.2,53.31
2019-10-22,14.46,97.53,1.768,1523.5,54.16
2019-10-23,14.01,97.49,1.768,1531.8,55.97
2019-10-24,13.71,97.63,1.771,1540.8,56.23
2019-10-25,12.65,97.83,1.7990000000000002,1542.0,56.66
2019-10-27,,,1.805,,
2019-10-28,13.11,97.76,1.845,1532.7,55.81
2019-10-29,13.2,97.69,1.837,1527.5,55.54
2019-10-30,12.33,97.65,1.775,1533.4,55.06
2019-10-31,13.22,97.35,1.6880000000000002,1550.9,54.18
2019-11-01,12.3,97.24,1.714,1548.2,56.2
2019-11-03,,,1.714,,
2019-11-04,12.83,97.5,1.781,1548.5,56.54
2019-11-05,13.1,97.98,1.857,1521.4,57.23
2019-11-06,12.62,97.95,1.83,1530.8,56.35
2019-11-07,12.73,98.14,1.929,1504.6,57.15
2019-11-08,12.07,98.35,1.945,1503.2,57.24
2019-11-11,12.69,98.2,1.923,1495.1,56.86
2019-11-12,12.68,98.31,1.9280000000000002,1491.4,56.8
2019-11-13,13.0,98.37,1.891,1501.3,57.12
2019-11-14,13.05,98.16,1.8219999999999998,1511.3,56.77
2019-11-15,12.05,98.0,1.8359999999999999,1506.4,57.72
2019-11-17,,,1.824,,
2019-11-18,12.46,97.79,1.815,1509.7,57.05
2019-11-19,12.86,97.86,1.786,1512.0,55.21
2019-11-20,12.78,97.93,1.7469999999999999,1511.5,57.11
2019-11-21,13.13,97.99,1.776,1501.0,58.58
2019-11-22,12.34,98.27,1.771,1501.4,57.77
2019-11-24,,,1.7790000000000001,,
2019-11-25,11.87,98.32,1.7519999999999998,1495.2,58.01
2019-11-26,11.54,98.25,1.7409999999999999,1498.1,58.41
2019-11-27,11.75,98.37,1.767,1491.8,58.11
2019-11-28,,98.37,1.778,1462.25,58.08
2019-11-29,12.62,98.27,1.774,1504.0,55.17
2019-12-01,,,1.795,,
2019-12-02,14.91,97.86,1.8219999999999998,1500.6,55.96
2019-12-03,15.96,97.74,1.7169999999999999,1516.1,56.1
2019-12-04,14.8,97.65,1.778,1512.0,58.43
2019-12-05,14.52,97.41,1.8090000000000002,1515.0,58.43
2019-12-06,13.62,97.7,1.8430000000000002,1497.5,59.2
2019-12-08,,,1.8430000000000002,,
2019-12-09,15.86,97.64,1.821,1498.1,59.02
2019-12-10,15.68,97.41,1.8419999999999999,1501.4,59.24
2019-12-11,14.99,97.08,1.7930000000000001,1508.3,58.76
2019-12-12,13.94,97.4,1.896,1505.8,59.18
2019-12-13,12.63,97.17,1.824,1515.2,60.07
2019-12-15,,,1.8330000000000002,,
2019-12-16,12.14,97.02,1.8730000000000002,1515.3,60.21
2019-12-17,12.29,97.22,1.875,1515.5,60.94
2019-12-18,12.58,97.4,1.922,1513.0,60.93
2019-12-19,12.5,97.38,1.922,1518.6,61.22
2019-12-20,12.51,97.69,1.919,1515.1,60.44
2019-12-22,,,1.921,,
2019-12-23,12.61,97.66,1.9280000000000002,1523.2,60.52
2019-12-24,12.67,97.65,1.903,1539.3,61.11
2019-12-25,,97.65,1.9069999999999998,1504.05,61.19
2019-12-26,12.65,97.53,1.8940000000000001,1549.1,61.68
2019-12-27,13.43,96.92,1.8769999999999998,1553.2,61.72
2019-12-29,,,1.8730000000000002,,
2019-12-30,14.82,96.74,1.886,1554.3,61.68
2019-12-31,13.78,96.39,1.919,1559.5,61.06
2020-01-01,,96.39,1.921,1520.95,61.33
2020-01-02,12.47,96.85,1.8769999999999998,1564.0,61.18
2020-01-03,14.02,96.84,1.7930000000000001,1588.3,63.05
2020-01-05,,,1.767,,
2020-01-06,13.85,96.67,1.8090000000000002,1605.2,63.27
2020-01-07,13.79,97.0,1.811,1610.6,62.7
2020-01-08,13.45,97.3,1.874,1595.7,59.61
2020-01-09,12.54,97.45,1.855,1589.9,59.56
2020-01-10,12.56,97.36,1.82,1595.4,59.04
2020-01-12,,,1.82,,
2020-01-13,12.32,97.34,1.848,1585.8,58.08
2020-01-14,12.39,97.37,1.8130000000000002,1579.6,58.23
2020-01-15,12.42,97.23,1.786,1588.7,57.81
2020-01-16,12.32,97.32,1.8090000000000002,1585.1,58.52
2020-01-17,12.1,97.64,1.825,1595.5,58.54
2020-01-19,,,,1557.05,59.27
2020-01-20,,97.61,1.8230000000000002,1561.25,58.73
2020-01-21,12.85,97.53,1.774,1593.1,58.34
2020-01-22,12.91,97.53,1.7690000000000001,1591.8,56.74
2020-01-23,12.98,97.69,1.7309999999999999,1600.4,55.59
2020-01-24,14.56,97.85,1.686,1607.5,54.19
2020-01-26,,,1.629,,
2020-01-27,18.23,97.96,1.6130000000000002,1612.9,53.14
2020-01-28,16.28,98.02,1.661,1605.3,53.48
2020-01-29,16.39,97.99,1.581,1606.6,53.33
2020-01-30,15.49,97.87,1.591,1619.2,52.14
2020-01-31,18.84,97.39,1.505,1618.0,51.56
2020-02-02,,,1.515,,
2020-02-03,17.97,97.8,1.526,1612.9,50.11
2020-02-04,16.05,97.96,1.6030000000000002,1586.8,49.61
2020-02-05,15.15,98.3,1.649,1594.0,50.75
2020-02-06,14.96,98.5,1.6440000000000001,1601.2,50.95
2020-02-07,15.47,98.68,1.5819999999999999,1604.5,50.32
2020-02-09,,,1.5590000000000002,,
2020-02-10,15.04,98.83,1.5630000000000002,1609.9,49.57
2020-02-11,15.18,98.72,1.6019999999999999,1600.5,49.94
2020-02-12,13.74,99.05,1.6369999999999998,1601.5,51.17
2020-02-13,14.15,99.07,1.619,1608.8,51.42
2020-02-14,13.68,99.12,1.588,1615.9,52.05
2020-02-16,,,,1586.25,52.36
2020-02-17,,99.0,1.578,1587.05,52.2
2020-02-18,14.83,99.44,1.5590000000000002,1632.8,52.05
2020-02-19,14.38,99.7,1.568,1641.2,53.29
2020-02-20,15.56,99.86,1.5190000000000001,1649.8,53.78
2020-02-21,17.08,99.26,1.473,1678.0,53.38
2020-02-23,,,1.473,,
2020-02-24,25.03,99.36,1.37,1705.7,51.43
2020-02-25,27.85,98.97,1.355,1678.7,49.9
2020-02-26,27.56,99.0,1.335,1670.8,48.73
2020-02-27,39.16,98.51,1.274,1669.0,47.09
2020-02-28,40.11,98.13,1.163,1589.7,44.76
2020-03-01,,,1.103,,
2020-03-02,33.42,97.36,1.1520000000000001,1614.8,46.75
2020-03-03,36.82,97.15,0.9990000000000001,1664.1,47.18
2020-03-04,31.99,97.34,1.055,1661.4,46.78
2020-03-05,39.62,96.82,0.917,1685.1,45.9
2020-03-06,41.94,95.95,0.773,1687.0,41.28
2020-03-08,,,0.502,,
2020-03-09,54.46,94.89,0.5589999999999999,1687.3,31.13
2020-03-10,47.3,96.41,0.8,1672.4,34.36
2020-03-11,53.9,96.51,0.877,1654.1,32.98
2020-03-12,75.47,97.47,0.812,1602.3,31.5
2020-03-13,57.83,98.75,0.983,1528.2,31.73
2020-03-15,,,0.6809999999999999,,
2020-03-16,82.69,98.07,0.74,1496.8,28.7
2020-03-17,75.91,99.58,1.069,1537.9,26.95
2020-03-18,76.45,101.16,1.183,1491.0,20.37
2020-03-19,72.0,102.99,1.158,1493.6,25.22
2020-03-20,66.04,102.82,0.885,1498.1,22.43
2020-03-22,,,0.7929999999999999,,
2020-03-23,61.59,102.49,0.763,1585.0,23.36
2020-03-24,61.67,102.04,0.858,1665.9,24.01
2020-03-25,63.95,101.05,0.8690000000000001,1635.7,24.49
2020-03-26,61.0,99.35,0.848,1665.0,22.6
2020-03-27,65.54,98.36,0.6759999999999999,1657.7,21.51
2020-03-29,,,0.665,,
2020-03-30,57.08,99.18,0.726,1646.0,20.09
2020-03-31,53.54,99.05,0.6679999999999999,1599.6,20.48
2020-04-01,57.06,99.67,0.602,1594.5,20.31
2020-04-02,50.91,100.18,0.611,1640.2,25.32
2020-04-03,46.8,100.58,0.599,1647.6,28.34
2020-04-05,,,0.613,,
2020-04-06,45.24,100.68,0.6779999999999999,1693.7,26.08
2020-04-07,46.7,99.9,0.726,1683.2,23.63
2020-04-08,43.35,100.12,0.7709999999999999,1683.8,25.09
2020-04-09,41.67,99.52,0.7290000000000001,1753.6,22.76
2020-04-10,,99.52,,1740.6,
2020-04-12,,,0.725,,
2020-04-13,41.17,99.35,0.77,1762.8,22.41
2020-04-14,37.76,98.89,0.75,1771.7,20.11
2020-04-15,40.84,99.46,0.635,1746.4,19.87
2020-04-16,40.11,100.03,0.617,1737.6,19.87
2020-04-17,38.15,99.78,0.642,1703.8,18.27
2020-04-19,,,0.643,,
2020-04-20,43.83,99.96,0.616,1716.2,-37.63
2020-04-21,45.41,100.26,0.5660000000000001,1693.1,10.01
2020-04-22,41.98,100.39,0.618,1744.5,13.78
2020-04-23,41.38,100.43,0.603,1752.5,16.5
2020-04-24,35.93,100.38,0.605,1743.6,16.94
2020-04-26,,,0.605,,
2020-04-27,33.29,100.04,0.664,1733.3,12.78
2020-04-28,33.57,99.86,0.616,1733.2,12.34
2020-04-29,31.23,99.57,0.628,1724.8,15.06
2020-04-30,34.15,99.02,0.6459999999999999,1707.7,18.84
2020-05-01,37.19,99.08,0.618,1715.6,19.78
2020-05-03,,,0.618,,
2020-05-04,35.97,99.48,0.631,1733.7,20.39
2020-05-05,33.61,99.71,0.662,1734.6,24.56
2020-05-06,34.12,100.09,0.7090000000000001,1711.9,23.99
2020-05-07,31.44,99.89,0.639,1751.1,23.55
2020-05-08,27.98,99.73,0.685,1741.9,24.74
2020-05-10,,,0.693,,
2020-05-11,27.57,100.24,0.7070000000000001,1726.7,24.14
2020-05-12,33.04,99.93,0.667,1733.7,25.78
2020-05-13,35.28,100.24,0.654,1742.3,25.29
2020-05-14,32.61,100.47,0.617,1766.7,27.56
2020-05-15,31.89,100.4,0.644,1782.5,29.43
2020-05-17,,,0.643,,
2020-05-18,29.3,99.67,0.726,1765.3,31.82
2020-05-19,30.53,99.37,0.6920000000000001,1778.2,32.5
2020-05-20,27.99,99.12,0.69,1785.8,33.49
2020-05-21,29.53,99.37,0.68,1754.6,33.92
2020-05-22,28.16,99.86,0.657,1769.5,33.25
2020-05-24,,,,1730.65,32.9
2020-05-25,,99.86,0.659,1727.0,33.92
2020-05-26,28.01,98.91,0.695,1744.9,34.35
2020-05-27,27.62,99.06,0.695,1745.3,32.81
2020-05-28,28.59,98.38,0.6970000000000001,1748.2,33.71
2020-05-29,27.51,98.34,0.653,1771.7,35.49
2020-05-31,,,0.6409999999999999,,
2020-06-01,28.23,97.83,0.667,1770.5,35.44
2020-06-02,26.84,97.67,0.687,1756.4,36.81
2020-06-03,25.66,97.28,0.746,1730.2,37.29
2020-06-04,25.81,96.68,0.825,1756.2,37.41
2020-06-05,24.52,96.94,0.893,1712.2,39.55
2020-06-07,,,0.9,,
2020-06-08,25.81,96.62,0.878,1734.5,38.19
2020-06-09,27.57,96.32,0.8240000000000001,1751.1,38.94
2020-06-10,27.57,95.96,0.736,1749.8,39.6
2020-06-11,40.79,96.73,0.6659999999999999,1768.2,36.34
2020-06-12,36.09,97.32,0.71,1765.3,36.26
2020-06-15,34.4,96.71,0.72,1755.5,37.12
2020-06-16,33.67,96.96,0.741,1765.4,38.38
2020-06-17,33.47,97.16,0.733,1764.5,37.96
2020-06-18,32.94,97.42,0.7070000000000001,1758.9,38.84
2020-06-19,35.12,97.62,0.6940000000000001,1779.2,39.75
2020-06-21,,,0.6940000000000001,,
2020-06-22,31.77,97.04,0.71,1792.0,40.46
2020-06-23,31.37,96.65,0.715,1806.8,40.37
2020-06-24,33.84,97.15,0.679,1802.3,38.01
2020-06-25,32.22,97.43,0.682,1798.1,38.72
2020-06-26,34.73,97.43,0.64,1808.2,38.49
2020-06-28,,,0.632,,
2020-06-29,31.78,97.54,0.627,1810.0,39.7
2020-06-30,30.43,97.39,0.6579999999999999,1830.5,39.27
2020-07-01,28.62,97.2,0.6759999999999999,1812.1,39.82
2020-07-02,27.68,97.32,0.669,1822.4,40.65
2020-07-03,27.68,97.17,,1787.6,40.28
2020-07-05,,,0.6759999999999999,,
2020-07-06,27.94,96.72,0.6779999999999999,1827.4,40.63
2020-07-07,29.43,96.88,0.64,1847.5,40.62
2020-07-08,28.08,96.43,0.6659999999999999,1865.7,40.9
2020-07-09,29.26,96.7,0.613,1848.6,39.62
2020-07-10,27.29,96.65,0.643,1846.5,40.55
2020-07-13,32.19,96.46,0.618,1859.1,40.1
2020-07-14,29.52,96.26,0.625,1856.9,40.29
2020-07-15,27.76,96.08,0.633,1856.7,41.2
2020-07-16,28.0,96.35,0.618,1841.2,40.75
2020-07-17,25.68,95.94,0.623,1848.3,40.59
2020-07-20,24.46,95.83,0.613,1854.7,40.81
2020-07-21,24.84,95.12,0.605,1885.0,41.96
2020-07-22,24.32,94.99,0.6,1909.9,41.9
2020-07-23,26.08,94.69,0.5770000000000001,1936.1,41.07
2020-07-24,25.84,94.43,0.5870000000000001,1944.8,41.29
2020-07-26,,,0.594,,
2020-07-27,24.74,93.67,0.615,1975.2,41.6
2020-07-28,25.44,93.7,0.579,1983.2,41.04
2020-07-29,24.1,93.45,0.5770000000000001,1994.8,41.27
2020-07-30,24.76,93.02,0.545,1985.2,39.92
2020-07-31,24.46,93.35,0.5329999999999999,2004.6,40.27
2020-08-02,,,0.5329999999999999,,
2020-08-03,24.28,93.54,0.5539999999999999,2005.0,41.01
2020-08-04,23.76,93.38,0.512,2039.8,41.7
2020-08-05,22.99,92.87,0.5489999999999999,2068.6,42.19
2020-08-06,22.65,92.79,0.5379999999999999,2089.4,41.95
2020-08-07,22.21,93.43,0.5660000000000001,2048.0,41.22
2020-08-09,,,0.5660000000000001,,
2020-08-10,22.13,93.58,0.581,2059.6,41.94
2020-08-11,24.03,93.63,0.643,1963.9,41.61
2020-08-12,22.28,93.44,0.6729999999999999,1965.2,42.67
2020-08-13,22.13,93.33,0.7170000000000001,1987.0,42.24
2020-08-14,22.05,93.1,0.7090000000000001,1965.9,42.01
2020-08-16,,,0.713,,
2020-08-17,21.35,92.85,0.6920000000000001,2012.0,42.89
2020-08-18,21.51,92.27,0.67,2027.1,42.89
2020-08-19,22.54,92.89,0.685,1983.7,42.93
2020-08-20,22.72,92.79,0.652,1960.7,42.58
2020-08-21,22.54,93.25,0.636,1960.9,42.34
2020-08-23,,,0.632,,
2020-08-24,22.37,93.3,0.654,1953.5,42.62
2020-08-25,22.03,93.02,0.688,1936.6,43.35
2020-08-26,23.27,93.01,0.688,1966.0,43.39
2020-08-27,24.47,93.0,0.754,1945.2,43.04
2020-08-28,22.96,92.37,0.7240000000000001,1986.1,42.97
2020-08-30,,,0.7240000000000001,,
2020-08-31,26.41,92.14,0.706,1991.4,42.61
2020-09-01,26.12,92.34,0.672,1991.6,42.76
2020-09-02,26.57,92.85,0.648,1957.7,41.51
2020-09-03,33.6,92.74,0.636,1950.0,41.37
2020-09-04,30.75,92.72,0.721,1946.8,39.77
2020-09-06,,,,1940.65,38.75
2020-09-07,,92.72,0.72,1937.1,39.2
2020-09-08,31.46,93.44,0.682,1955.8,36.76
2020-09-09,28.81,93.25,0.698,1966.9,38.05
2020-09-10,29.71,93.34,0.682,1976.7,37.3
2020-09-11,26.87,93.33,0.669,1960.6,37.33
2020-09-13,,,0.6709999999999999,,
2020-09-14,25.85,93.05,0.6759999999999999,1976.8,37.26
2020-09-15,25.59,93.05,0.68,1979.3,38.28
2020-09-16,26.04,93.21,0.698,1983.4,40.16
2020-09-17,26.46,92.97,0.6890000000000001,1962.5,40.97
2020-09-18,25.83,92.93,0.6970000000000001,1975.0,41.11
2020-09-21,27.78,93.66,0.669,1923.1,39.31
2020-09-22,26.86,93.99,0.6709999999999999,1920.5,39.6
2020-09-23,28.58,94.39,0.677,1880.4,39.93
2020-09-24,28.51,94.35,0.6679999999999999,1888.5,40.31
2020-09-25,26.38,94.64,0.6559999999999999,1878.5,40.25
2020-09-27,,,0.6579999999999999,,
2020-09-28,26.19,94.28,0.6579999999999999,1894.6,40.6
2020-09-29,26.27,93.89,0.6509999999999999,1915.5,39.29
2020-09-30,26.37,93.89,0.6859999999999999,1907.8,40.22
2020-10-01,26.7,93.71,0.679,1928.6,38.72
2020-10-02,27.63,93.84,0.7040000000000001,1919.7,37.05
2020-10-04,,,0.706,,
2020-10-05,27.96,93.51,0.778,1932.0,39.22
2020-10-06,29.48,93.69,0.7340000000000001,1921.0,40.67
2020-10-07,28.06,93.63,0.784,1903.2,39.95
2020-10-08,26.36,93.61,0.779,1908.4,41.19
2020-10-09,25.0,93.06,0.779,1939.5,40.6
2020-10-12,25.07,93.07,0.764,1942.4,39.43
2020-10-13,26.07,93.53,0.7290000000000001,1908.2,40.2
2020-10-14,26.4,93.38,0.727,1921.2,41.04
2020-10-15,26.97,93.86,0.7390000000000001,1922.6,40.96
2020-10-16,27.41,93.68,0.7490000000000001,1920.1,40.88
2020-10-18,,,0.7609999999999999,,
2020-10-19,29.18,93.43,0.772,1925.0,40.83
2020-10-20,29.35,93.07,0.7859999999999999,1928.5,41.46
2020-10-21,28.65,92.61,0.821,1942.5,40.03
2020-10-22,28.11,92.95,0.861,1917.8,40.64
2020-10-23,27.55,92.77,0.841,1918.5,39.85
2020-10-26,32.46,93.04,0.8029999999999999,1919.0,38.56
2020-10-27,33.35,92.94,0.7709999999999999,1924.9,39.57
2020-10-28,40.28,93.4,0.774,1892.1,37.39
2020-10-29,37.59,93.96,0.831,1880.5,36.17
2020-10-30,38.02,94.04,0.8740000000000001,1892.4,35.79
2020-11-01,,,0.8590000000000001,,
2020-11-02,37.13,94.13,0.852,1904.8,36.81
2020-11-03,35.55,93.55,0.8959999999999999,1922.4,37.66
2020-11-04,29.57,93.41,0.7709999999999999,1908.5,39.15
2020-11-05,27.58,92.53,0.7659999999999999,1959.5,38.79
2020-11-06,24.86,92.23,0.82,1965.0,37.14
2020-11-08,,,0.83,,
2020-11-09,25.75,92.72,0.924,1866.4,40.29
2020-11-10,24.8,92.75,0.96,1888.5,41.36
2020-11-11,23.45,93.04,0.977,1873.2,41.45
2020-11-12,25.35,92.96,0.883,1885.4,41.12
2020-11-13,23.1,92.75,0.898,1898.3,40.13
2020-11-15,,,0.9009999999999999,,
2020-11-16,22.45,92.64,0.9109999999999999,1899.0,41.34
2020-11-17,22.71,92.42,0.862,1895.8,41.43
2020-11-18,23.84,92.32,0.87,1883.2,41.82
2020-11-19,23.11,92.29,0.8420000000000001,1871.1,41.74
2020-11-20,23.7,92.39,0.8240000000000001,1882.4,42.15
2020-11-22,,,0.8240000000000001,,
2020-11-23,22.66,92.5,0.8590000000000001,1848.2,43.06
2020-11-24,21.64,92.23,0.885,1815.0,44.91
2020-11-25,21.25,91.99,0.882,1815.1,45.71
2020-11-26,21.25,91.99,0.8590000000000001,1807.0,44.98
2020-11-27,20.84,91.79,0.8420000000000001,1792.1,45.53
2020-11-29,,,0.8440000000000001,,
2020-11-30,20.57,91.87,0.8420000000000001,1784.8,45.34
2020-12-01,20.77,91.31,0.929,1822.8,44.55
2020-12-02,21.17,91.12,0.938,1833.9,45.28
2020-12-03,21.28,90.71,0.9109999999999999,1844.7,45.64
2020-12-04,20.79,90.7,0.973,1844.0,46.26
2020-12-07,21.3,90.79,0.9279999999999999,1870.1,45.76
2020-12-08,20.68,90.96,0.9209999999999999,1879.1,45.6
2020-12-09,22.27,91.09,0.938,1842.6,45.52
2020-12-10,22.52,90.82,0.9059999999999999,1841.5,46.78
2020-12-11,23.31,90.98,0.8959999999999999,1847.6,46.57
2020-12-13,,,0.91,,
2020-12-14,24.72,90.71,0.898,1836.1,46.99
2020-12-15,22.89,90.47,0.9109999999999999,1859.4,47.62
2020-12-16,22.5,90.45,0.92,1863.0,47.82
2020-12-17,21.93,89.82,0.935,1894.5,48.36
2020-12-18,21.57,90.02,0.945,1893.0,49.1
2020-12-20,,,0.938,,
2020-12-21,25.16,90.04,0.938,1887.0,47.74
2020-12-22,24.23,90.65,0.9209999999999999,1874.5,47.02
2020-12-23,23.31,90.41,0.945,1882.3,48.12
2020-12-24,21.53,90.32,0.9259999999999999,1887.4,48.23
2020-12-25,21.53,90.32,,,
2020-12-27,,,0.938,,
2020-12-28,21.7,90.34,0.9229999999999999,1884.8,47.62
2020-12-29,23.08,89.99,0.94,1887.3,48.0
2020-12-30,22.77,89.68,0.9259999999999999,1897.8,48.4
2020-12-31,22.75,89.94,0.9159999999999999,1899.6,48.52
2021-01-01,,89.94,,1901.6,
2021-01-03,,,0.93,,
2021-01-04,26.97,89.87,0.9179999999999999,1951.1,47.62
2021-01-05,25.34,89.44,0.955,1958.8,49.93
2021-01-06,25.07,89.53,1.0390000000000001,1913.0,50.63
2021-01-07,22.37,89.83,1.081,1918.0,50.83
2021-01-08,21.56,90.1,1.119,1839.7,52.24
2021-01-10,,,1.119,,
2021-01-11,24.08,90.46,1.1440000000000001,1854.9,52.25
2021-01-12,23.33,90.09,1.129,1848.2,53.21
2021-01-13,22.21,90.36,1.092,1858.8,52.91
2021-01-14,23.25,90.24,1.129,1855.4,53.57
2021-01-15,24.34,90.77,1.087,1833.7,52.36
2021-01-17,,,,1809.75,52.2
2021-01-18,,90.76,1.1,1836.6,52.36
2021-01-19,23.24,90.5,1.092,1844.0,52.98
2021-01-20,21.58,90.47,1.077,1870.2,53.24
2021-01-21,21.32,90.13,1.109,1869.3,53.13
2021-01-22,21.91,90.24,1.0859999999999999,1859.9,52.27
2021-01-24,,,1.0959999999999999,,
2021-01-25,23.19,90.39,1.033,1859.0,52.77
2021-01-26,23.02,90.17,1.033,1854.8,52.61
2021-01-27,37.21,90.65,1.013,1848.9,52.85
2021-01-28,30.21,90.46,1.052,1841.2,52.34
2021-01-29,33.09,90.58,1.071,1850.3,52.2
2021-01-31,,,1.071,,
2021-02-01,30.24,90.98,1.079,1863.9,53.55
2021-02-02,25.56,91.2,1.095,1833.4,54.76
2021-02-03,22.91,91.17,1.139,1835.1,55.69
2021-02-04,21.77,91.53,1.136,1791.2,56.23
2021-02-05,20.87,91.04,1.169,1813.0,56.85
2021-02-07,,,1.1740000000000002,,
2021-02-08,21.24,90.93,1.176,1834.2,57.97
2021-02-09,21.63,90.44,1.16,1837.5,58.36
2021-02-10,21.99,90.37,1.124,1842.7,58.68
2021-02-11,21.25,90.42,1.165,1826.8,58.24
2021-02-12,19.97,90.48,1.21,1823.2,59.47
2021-02-14,,,,1821.05,60.37
2021-02-15,,90.48,1.25,1818.75,60.09
2021-02-16,21.46,90.51,1.311,1799.0,60.05
2021-02-17,21.5,90.95,1.2819999999999998,1772.8,61.14
2021-02-18,22.49,90.59,1.297,1775.0,60.52
2021-02-19,22.05,90.36,1.34,1777.4,59.24
2021-02-21,,,1.3619999999999999,,
2021-02-22,23.45,90.01,1.369,1808.4,61.49
2021-02-23,23.11,90.17,1.3430000000000002,1805.9,61.67
2021-02-24,21.34,90.18,1.3719999999999999,1797.9,63.22
2021-02-25,28.89,90.13,1.53,1775.4,63.53
2021-02-26,27.95,90.88,1.4069999999999998,1728.8,61.5
2021-02-28,,,1.395,,
2021-03-01,23.35,91.04,1.426,1723.0,60.64
2021-03-02,24.1,90.79,1.3980000000000001,1733.6,59.75
2021-03-03,26.67,90.95,1.484,1715.8,61.28
2021-03-04,28.57,91.63,1.557,1700.7,63.83
2021-03-05,24.66,91.98,1.577,1698.5,66.09
2021-03-07,,,1.599,,
2021-03-08,25.47,92.31,1.6030000000000002,1678.0,65.05
2021-03-09,24.03,91.96,1.528,1716.9,64.01
2021-03-10,22.56,91.82,1.521,1721.8,64.44
2021-03-11,21.91,91.42,1.535,1722.6,66.02
2021-03-12,20.69,91.68,1.625,1719.8,65.61
2021-03-14,,,1.6369999999999998,,
2021-03-15,20.03,91.83,1.607,1729.2,65.39
2021-03-16,19.79,91.86,1.621,1730.9,64.8
2021-03-17,19.23,91.44,1.646,1727.1,64.6
2021-03-18,21.58,91.86,1.706,1732.5,60.0
2021-03-19,20.95,91.92,1.73,1741.7,61.42
2021-03-21,,,1.7069999999999999,,
2021-03-22,18.88,91.74,1.695,1738.1,61.55
2021-03-23,20.3,92.34,1.6219999999999999,1725.1,57.76
2021-03-24,21.2,92.53,1.614,1733.2,61.18
2021-03-25,19.81,92.53,1.633,1725.1,58.56
2021-03-26,18.86,92.77,1.6740000000000002,1732.3,60.97
2021-03-28,,,1.672,,
2021-03-29,20.74,92.94,1.7169999999999999,1712.2,61.56
2021-03-30,19.61,93.3,1.71,1683.9,60.55
2021-03-31,19.4,93.23,1.744,1713.8,59.16
2021-04-01,17.33,92.93,1.673,1726.5,61.45
2021-04-02,17.33,93.02,1.673,,
2021-04-04,,,1.705,,
2021-04-05,17.91,92.6,1.7069999999999999,1727.0,58.65
2021-04-06,18.12,92.33,1.6580000000000001,1741.5,59.33
2021-04-07,17.16,92.46,1.679,1740.1,59.77
2021-04-08,16.95,92.06,1.626,1756.8,59.6
2021-04-09,16.69,92.16,1.662,1743.3,59.32
2021-04-11,,,1.6740000000000002,,
2021-04-12,16.91,92.14,1.669,1731.2,59.7
2021-04-13,16.65,91.85,1.62,1746.2,60.18
2021-04-14,16.99,91.69,1.6340000000000001,1734.9,63.15
2021-04-15,16.57,91.69,1.574,1765.4,63.46
2021-04-16,16.25,91.56,1.59,1779.0,63.13
2021-04-18,,,1.578,,
2021-04-19,17.29,91.07,1.61,1769.4,63.38
2021-04-20,18.68,91.24,1.5659999999999998,1777.3,62.44
2021-04-21,17.5,91.15,1.5590000000000002,1792.3,61.35
2021-04-22,18.71,91.33,1.5419999999999998,1781.2,61.43
2021-04-23,17.33,90.86,1.5590000000000002,1777.0,62.14
2021-04-25,,,1.5630000000000002,,
2021-04-26,17.64,90.81,1.568,1779.2,61.91
2021-04-27,17.56,90.91,1.625,1778.0,62.94
2021-04-28,17.28,90.61,1.611,1773.2,63.86
2021-04-29,17.61,90.61,1.641,1772.85,65.01
2021-04-30,18.61,91.28,1.626,1768.6,63.58
2021-05-02,,,1.626,1768.45,
2021-05-03,18.31,90.94,1.599,1792.25,64.49
2021-05-04,19.48,91.29,1.591,1778.25,65.69
2021-05-05,19.15,91.31,1.571,1785.15,65.63
2021-05-06,18.39,90.95,1.57,1815.15,64.71
2021-05-07,16.69,90.23,1.579,1831.95,64.9
2021-05-09,,,1.584,1836.9,
2021-05-10,19.66,90.21,1.604,1836.85,64.92
2021-05-11,21.84,90.14,1.6219999999999999,1836.15,65.28
2021-05-12,27.59,90.71,1.693,1817.5,66.08
2021-05-13,23.13,90.75,1.659,1825.25,63.82
2021-05-14,18.81,90.32,1.635,1843.85,65.37
2021-05-16,,,1.633,1847.25,
2021-05-17,19.72,90.16,1.652,1869.55,66.27
2021-05-18,21.34,89.75,1.64,1870.5,65.49
2021-05-19,22.18,90.19,1.676,1866.2,63.36
2021-05-20,20.67,89.81,1.6280000000000001,1874.35,62.05
2021-05-21,20.15,90.02,1.6230000000000002,1881.85,63.58
2021-05-23,,,1.62,1884.15,
2021-05-24,18.4,89.84,1.6030000000000002,1878.05,66.05
2021-05-25,18.84,89.64,1.56,1898.85,66.07
2021-05-26,17.36,90.04,1.581,1896.15,66.21
2021-05-27,16.74,89.97,1.6059999999999999,1896.9,66.85
2021-05-28,16.76,90.03,1.581,1903.6,66.32
